#	Location	Motif	Similarity %
1	1786	CTTTTCGGAA	100
2	3111	CTATTCGGTA	80
3	4928	CTGTTCGTAA	80
4	6820	TTTTTCTGAA	80
5	9127	CTTATCGTAA	80
6	10234	GTTTTCGGAT	80
7	11267	CTTTTAGGAG	80
8	11329	CGTATCGGAA	80
9	11371	TTTTACGGAA	80
10	14889	CTTTTCTGAT	80
11	15024	CATTTCGGGA	80
12	16314	CTTGTTGGAA	80
13	17865	CTCTTCGGAA	90
14	20049	CTTGTCGTAA	80
15	21000	CTTATCGGCA	80
16	22671	CTTGTCTGAA	80
17	23000	CTTTTCCAAA	80
18	26325	CTTGTCTGAA	80
19	27857	CTTTTTCGAA	80
20	28186	CTTTGCTGAA	80
21	29979	ATTTTAGGAA	80
22	30103	CTTTTTTGAA	80
23	30702	GTTTTCGGAT	80
24	31735	CTTTTAGGAG	80
25	31797	CGTATCGGAA	80
26	31839	TTTTACGGAA	80
27	38958	CTTTGAGGAA	80
28	39692	ATTTCCGGAA	80
29	40498	CTTTACGGGA	80
30	42134	CCTTGCGGAA	80
31	42245	CTTTGCGGAC	80
32	44697	CATTTCGAAA	80
33	47472	CTTGTTGGAA	80
34	48456	CTTTTCCGTA	80
35	48626	CTTTTGGGAG	80
36	50260	CTTTCCGGGA	80
37	51510	CTTTTCTAAA	80
38	54129	GTTTTCAGAA	80
39	55543	GTTTGCGGAA	80
40	57153	GTTATCGGAA	80
41	58093	CTTTTCGCTA	80
42	58829	CTCTTCGGAA	90
43	61248	CTTGTCTGAA	80
44	64548	CTTTTCAAAA	80
45	65399	CTTGCCGGAA	80
46	68653	CTTTTCTGGA	80
47	70392	CATTCCGGAA	80
48	70405	CTTTTCATAA	80
49	70760	CTTATCAGAA	80
50	72089	CATTTCGGAA	90
51	73409	ATTCTCGGAA	80
52	75855	CTTTCCGAAA	80
53	79476	GATTTCGGAA	80
54	79626	ATTATCGGAA	80
55	81110	CTTTTACGAA	80
56	82898	CTTTTCAAAA	80
57	82963	CTTCTCGAAA	80
58	84182	CTGTTCCGAA	80
59	84813	CCTTTGGGAA	80
60	84958	GTTTTCGAAA	80
61	86833	GTTCTCGGAA	80
62	87847	ATTTTCGGAG	80
63	88228	GTTATCGGAA	80
64	89234	CTTATCGTAA	80
65	90959	GTTTTCGGAT	80
66	91992	CTTTTAGGAG	80
67	92054	CGTATCGGAA	80
68	92096	TTTTACGGAA	80
69	96815	GTTTTCGGAT	80
70	97848	CTTTTAGGAG	80
71	97910	CGTATCGGAA	80
72	97952	TTTTACGGAA	80
73	102165	CTTGTCCGAA	80
74	102186	CTTTTCAGCA	80
75	103992	CTTCTAGGAA	80
76	106864	CGTTTCGGAT	80
77	106891	ATTTTCGAAA	80
78	107856	CATTTCTGAA	80
79	108962	CTTATCGTAA	80
80	111373	CTGTACGGAA	80
81	111926	CTTTTCACAA	80
82	112207	CTTTACGGAT	80
83	114358	CTATTCAGAA	80
84	115063	TTTTACGGAA	80
85	115327	CTGATCGGAA	80
86	115785	GTTGTCGGAA	80
87	116355	ATTTTCGGAC	80
88	116371	CATTGCGGAA	80
89	116480	TTTATCGGAA	80
90	119339	GTTTTCGCAA	80
91	120162	CGTTTCTGAA	80
92	125712	ATTTTCGGAC	80
93	127791	CTTGCCGGAA	80
94	128436	CTTTTCGAAG	80
95	136344	CTCTTAGGAA	80
96	138162	CTTTTCGGAC	90
97	139581	CATTTCGGAG	80
98	140249	CTTTACGGTA	80
99	140426	TTTTTCCGAA	80
100	143037	CTTTCCGGTA	80
101	144731	ATTTTCGCAA	80
102	148036	ATCTTCGGAA	80
103	150728	TTTGTCGGAA	80
104	153950	CTTCGCGGAA	80
105	158572	CTTTTTGTAA	80
106	159119	CTGTTTGGAA	80
107	159435	CTTTGTGGAA	80
108	161315	GTTTTCGGAT	80
109	162348	CTTTTAGGAG	80
110	162410	CGTATCGGAA	80
111	166923	GTTTTCGGAT	80
112	167956	CTTTTAGGAG	80
113	168018	CGTATCGGAA	80
114	171922	GTTTTCGGAT	80
115	172953	CTTTTAGGAG	80
116	173014	CGTATCGGAA	80
117	176761	TTTTTCGGAA	90
118	177984	CTTTTCTGAT	80
119	179361	CTGATCGGAA	80
120	181672	CTTTTAGAAA	80
121	182399	CTTTCAGGAA	80
122	182941	TTTTCCGGAA	80
123	184117	CATTTCGGAT	80
124	184360	GTTTTCGTAA	80
125	185015	CTTTTCAGAA	90
126	187609	CTTTTTGAAA	80
127	187894	CTTTTCCGAT	80
128	188048	CTTTTGGTAA	80
129	191738	TTTTTCGGAA	90
130	192288	GTTTTCGTAA	80
131	193591	GTTTTCCGAA	80
132	194653	CTTTTCGGAA	100
133	198466	CTCATCGGAA	80
134	201192	CTTGTCGGTA	80
135	203242	CGTTTAGGAA	80
136	204497	CTTTCCGGGA	80
137	205710	CTTATCGAAA	80
138	209037	ATTTGCGGAA	80
139	211928	ATTTCCGGAA	80
140	212447	CTTTTCAAAA	80
141	215370	CTTTTCAAAA	80
142	219082	CTTTTATGAA	80
143	219118	CTGTTCAGAA	80
144	219431	CTTTTGGGCA	80
145	220175	CTTTCCGTAA	80
146	221623	CTTTACGCAA	80
147	223199	CTTTTGGGAC	80
148	223301	CTTTTCAGCA	80
149	223635	GTTTTCGAAA	80
150	225587	TGTTTCGGAA	80
151	225876	ATTTTCCGAA	80
152	228211	CTTTTTTGAA	80
153	231127	CGTTTTGGAA	80
154	231815	ATTTTCGAAA	80
155	232302	ATTTACGGAA	80
156	233031	CTTTGTGGAA	80
157	233319	CTTTGCTGAA	80
158	233461	CTTTCCGAAA	80
159	235141	GTTTTCGAAA	80
160	235377	CTTTCCCGAA	80
161	237713	CTGTCCGGAA	80
162	238230	GTTTTCGGAT	80
163	241233	CGTTTCCGAA	80
164	241497	CTTTTTGAAA	80
165	241528	TTTTTCGTAA	80
166	242849	CTTTTCAAAA	80
167	243110	ATTTTCGGCA	80
168	245472	ATTATCGGAA	80
169	246775	CGTTTTGGAA	80
170	248041	ATTTGCGGAA	80
171	248636	CTTTTCGGGG	80
172	248869	CTTTTCTCAA	80
173	250602	ATTTTCGCAA	80
174	251123	CTTTGCTGAA	80
175	251522	CTTTTCAAAA	80
176	252438	CTTTGCGGCA	80
177	252596	CTTTTTGTAA	80
178	252720	CTTTGCGGAC	80
179	253539	GTTTGCGGAA	80
180	255151	TTTGTCGGAA	80
181	255240	TTTTTCTGAA	80
182	255312	CTCATCGGAA	80
183	255685	CATTTCAGAA	80
184	255993	CTTTTCCGGA	80
185	257337	CTTTGCGGAT	80
186	258036	CTTTGCAGAA	80
187	260359	GTTTTCTGAA	80
188	261492	CTTCTCTGAA	80
189	264743	CTTTTCGTAT	80
190	265045	CTTTTCCTAA	80
191	265646	CTTTCTGGAA	80
192	267612	TTTTTTGGAA	80
193	268788	GTTTTCCGAA	80
194	269430	CTTTGAGGAA	80
195	270111	CTTCACGGAA	80
196	271467	TTTTTCGGAA	90
197	271561	CTTTCGGGAA	80
198	272043	GTTGTCGGAA	80
199	274760	CATTTTGGAA	80
200	274943	GTTTTCTGAA	80
201	276561	ATTTTCGGAG	80
202	276920	CTTTGCTGAA	80
203	277399	CTGATCGGAA	80
204	277747	CTTTTCGCAG	80
205	278549	ATTTTCTGAA	80
206	281255	GATTTCGGAA	80
207	281989	CATTTCGGCA	80
208	282226	CTTTTCGGAG	90
209	282562	CTTGTCGGCA	80
210	283722	GTTTTCGAAA	80
211	284476	CCTGTCGGAA	80
212	284933	CTTTGCCGAA	80
213	285699	CTTTTCGCAC	80
214	286039	CTTTTTTGAA	80
215	286246	CTTTCCGGCA	80
216	291916	CTATGCGGAA	80
217	296380	CTTTTCGTAT	80
218	296839	GTTTTCGAAA	80
219	298170	CGTTTCTGAA	80
220	298846	CTTTCCGGAT	80
221	299915	TTTTTCGAAA	80
222	299935	CTTTGCCGAA	80
223	300173	CTTTTCGCTA	80
224	300489	TTTTTCTGAA	80
225	305723	CATTGCGGAA	80
226	305733	CGGTTCGGAA	80
227	305901	CATTTCGGCA	80
228	306622	CTTCTCCGAA	80
229	311122	CTTTTCCGAC	80
230	312039	CTTTTACGAA	80
231	315299	CTTTGCGGAC	80
232	315569	TTTTACGGAA	80
233	315607	CGTTTCCGAA	80
234	316470	CTCTTCAGAA	80
235	318018	CTTATCGGCA	80
236	318093	CGTTTCGGAA	90
237	318139	CTTTTGGAAA	80
238	318610	TTCTTCGGAA	80
239	318796	CTCGTCGGAA	80
240	319564	CTTTTCTGAA	90
241	319745	GTTTTCGGCA	80
242	321065	TTTTTGGGAA	80
243	324846	CCCTTCGGAA	80
244	325292	CTATTCAGAA	80
245	325744	ATTCTCGGAA	80
246	326167	CTTGTCGGAT	80
247	327199	CTTTGCGGTA	80
248	331771	CTTTTCTGCA	80
249	333761	CATATCGGAA	80
250	334140	CTTTTTCGAA	80
251	334141	TTTTTCGAAA	80
252	335017	ATTTACGGAA	80
253	337183	CTTTTCGGGC	80
254	340218	TTTTCCGGAA	80
255	341011	CTTTGCGGAC	80
256	341390	CTTTTCGTAA	90
257	342166	CTGTGCGGAA	80
258	342388	CTTTATGGAA	80
259	343827	CTTTTCAAAA	80
260	346420	CTTTGCGGGA	80
261	346727	ATTTTCGGAC	80
262	346868	CATGTCGGAA	80
263	347479	GTTTTCGGGA	80
264	347635	CTTTTTGGCA	80
265	348639	CTTTTGGAAA	80
266	348894	TTTTTCGAAA	80
267	350328	CTTTTAGGAA	90
268	351591	TTTTTCGGCA	80
269	351889	CTTTTCCGAG	80
270	352113	ATTTTCCGAA	80
271	352362	CTTTCCGGAT	80
272	353760	ATTTACGGAA	80
273	355887	CTTTTCCGGA	80
274	358431	CTTTTCTGAT	80
275	361109	ATTTGCGGAA	80
276	363076	CTTTTGAGAA	80
277	363852	TTTGTCGGAA	80
278	364250	GTTTTCTGAA	80
279	366228	CTTTCCAGAA	80
280	367128	TTTATCGGAA	80
281	368119	TTTTTCTGAA	80
282	368432	CTTTTCGGAC	90
283	369425	CTTATCGGAA	90
284	370281	CTTTTCCGAA	90
285	372319	CTTTTTGGAA	90
286	373390	CTTTTCTGAA	90
287	373623	TTTTTCTGAA	80
288	375813	CTTTTTCGAA	80
289	376122	CATTTAGGAA	80
290	376399	CTCTTCGCAA	80
291	377557	CGTTTTGGAA	80
292	377888	GTTTTCAGAA	80
293	379027	ATTATCGGAA	80
294	379775	CTTTACAGAA	80
295	380463	CTGTTCAGAA	80
296	380680	CTTATTGGAA	80
297	381466	CTTATCCGAA	80
298	383580	CTGTTCAGAA	80
299	386888	CTTTTTGAAA	80
300	387615	CTTCTCAGAA	80
301	388544	CTTTACGGAT	80
302	388560	ATCTTCGGAA	80
303	390807	CTTTTTGAAA	80
304	391517	CTTTGCGGGA	80
305	392244	CTTTTTGAAA	80
306	395193	CTGTTCGCAA	80
307	402631	CTGTTCGGAC	80
308	403538	CTTGGCGGAA	80
309	403724	ATTTTGGGAA	80
310	404114	ATTCTCGGAA	80
311	404209	AATTTCGGAA	80
312	404536	CTCTTCGGAG	80
313	406303	CTGTTCCGAA	80
314	406979	CTTCTCGAAA	80
315	407581	CTGTCCGGAA	80
316	409594	CTTTTCTGAC	80
317	409742	CTTTTTGGAG	80
318	410108	CTTTTCTGAA	90
319	410281	CCTTTCGGCA	80
320	410766	CTTTACGGAA	90
321	412248	CTTTTTAGAA	80
322	412474	CTTTTAGGTA	80
323	412585	GTTGTCGGAA	80
324	413538	CTTTTCAGAA	90
325	419158	CATTTCTGAA	80
326	423172	CTTCTCCGAA	80
327	423411	CTTTTCGGGG	80
328	423872	CTTTAAGGAA	80
329	423953	CTTTTCGGAG	90
330	424798	CTTTTTGAAA	80
331	424926	GTTTTCGGAT	80
332	425506	CTTTTACGAA	80
333	426693	TTTTACGGAA	80
334	430122	CTTTTCAAAA	80
335	433711	CTTATCGGAA	90
336	436051	CTGTTCGGCA	80
337	438296	CTTTTCCGAA	90
338	438805	TATTTCGGAA	80
339	439440	CTTTTTCGAA	80
340	445704	TTTTTAGGAA	80
341	446270	GTTTTCGGAA	90
342	448368	GTTTTCGGCA	80
343	448550	CTTTTTGAAA	80
344	448932	CATTTCCGAA	80
345	450137	CTTTACGGCA	80
346	451532	CTGTTCAGAA	80
347	452066	GTTTTCCGAA	80
348	452463	CATTTCGGAC	80
349	455248	GTTTTGGGAA	80
350	456369	ATTTGCGGAA	80
351	456433	GTTTCCGGAA	80
352	457446	CTTTTCGGTC	80
353	458165	CTGTTCGGCA	80
354	458645	ATTTTCGGAT	80
355	459282	CTTTCCGAAA	80
356	460854	CTTTATGGAA	80
357	461812	GTTTTTGGAA	80
358	463310	CTATACGGAA	80
359	463711	CTTGCCGGAA	80
360	466222	CTGTTTGGAA	80
361	466825	ATTGTCGGAA	80
362	467648	GTTTTTGGAA	80
363	468290	CTTTTCTGAT	80
364	473290	TTTTGCGGAA	80
365	474520	CTTTCCAGAA	80
366	474533	TTCTTCGGAA	80
367	474818	CTTTCCGGAG	80
368	474986	ATTTTCGGAT	80
369	475951	ATGTTCGGAA	80
370	479150	CTTGTCGGAA	90
371	481884	CATTTCGGGA	80
372	483841	CTTTTTGAAA	80
373	485517	CTCTTCTGAA	80
374	486086	CTTTTAGAAA	80
375	486917	GCTTTCGGAA	80
376	488066	GTTTTTGGAA	80
377	488545	TTTTTCGGAA	90
378	490092	CTTGTCCGAA	80
379	490592	TTTTTTGGAA	80
380	491106	TTTTGCGGAA	80
381	491861	CTTTGCGAAA	80
382	492620	CATTTCGAAA	80
383	492960	CATTTCGAAA	80
384	493305	CTTGTCGCAA	80
385	493639	GTTTTGGGAA	80
386	494943	TTTTTTGGAA	80
387	495940	CTTTCGGGAA	80
388	496200	CTTTCCGGCA	80
389	496654	CTTTTCGCAG	80
390	497442	CCATTCGGAA	80
391	498230	CTTGTCGGAA	90
392	499040	CTTTTGGGGA	80
393	499867	CTTTTTTGAA	80
394	500631	CTTTTCGGAG	90
395	500886	CTTTACGGAT	80
396	500957	CTCTTCCGAA	80
397	501098	CTTTTTGGCA	80
398	501318	CTGATCGGAA	80
399	502146	TTTTTCGGAA	90
400	503419	ATTTTCGGGA	80
401	503721	CTTGTCGGAC	80
402	504453	CTTTACGCAA	80
403	505121	TTTATCGGAA	80
404	511529	ATTGTCGGAA	80
405	511813	CTATTTGGAA	80
406	512138	CGTATCGGAA	80
407	514186	CTTTTCGGCT	80
408	515154	CATTTTGGAA	80
409	518475	GTTTTTGGAA	80
410	518884	CTTTGCGGAG	80
411	519900	CTTGTCGGAA	90
412	520065	CTTGTCGGAG	80
413	521349	CTTCTCGGAA	90
414	524762	CTTTACGGAG	80
415	527643	CTTTGCTGAA	80
416	530263	GTTTTCTGAA	80
417	531622	CTTTTAGGAG	80
418	533813	GTTTTCAGAA	80
419	535087	CTTCTTGGAA	80
420	537040	CTTTTCAAAA	80
421	540541	TTATTCGGAA	80
422	540798	CTATTCGGCA	80
423	544752	CTTTTGCGAA	80
424	545190	CGCTTCGGAA	80
425	547209	CTTTTTGCAA	80
426	548921	CTTTTCCGCA	80
427	551496	TTTTTCAGAA	80
428	551715	CTTTTCTTAA	80
429	553189	CTTTTCACAA	80
430	553587	CCTTTCGAAA	80
431	559350	CTTTTCTGCA	80
432	560137	CTTTTGGGAT	80
433	560715	CTTTTTTGAA	80
434	561656	CTTTTTTGAA	80
435	562673	CTGTTCAGAA	80
436	562751	CTATTGGGAA	80
437	563731	CCATTCGGAA	80
438	566191	CTTTTAGAAA	80
439	569656	TTTTTCCGAA	80
440	571402	CTTTTTTGAA	80
441	573760	GTTTTCGTAA	80
442	574954	ATTATCGGAA	80
443	575146	CCATTCGGAA	80
444	575945	GTTTTCGAAA	80
445	576652	CTTTGCCGAA	80
446	579039	CTTATCGGAT	80
447	579692	ATTTGCGGAA	80
448	582598	CTTTTAGGTA	80
449	583083	CATTTCGTAA	80
450	583594	CTTTCCAGAA	80
451	586314	CTTTTCGAAG	80
452	587164	CTTTTGGAAA	80
453	587417	CTTTTCGGTC	80
454	587588	CTTGTTGGAA	80
455	590581	CTTTGCGGAT	80
456	593822	CTTTTAGAAA	80
457	594027	CTTTTTTGAA	80
458	597259	ATTTTGGGAA	80
459	597389	ATTTTGGGAA	80
460	597443	CTTTGGGGAA	80
461	597618	CTTTTAGAAA	80
462	597844	CTGTTCGGGA	80
463	598600	ATTTTCGGCA	80
464	602158	TTTTTCGAAA	80
465	604284	ATTTTTGGAA	80
466	604773	CGTTTCGTAA	80
467	606116	CTTTTCGGCA	90
468	608378	CAGTTCGGAA	80
469	609190	CTGTCCGGAA	80
470	610093	CTGTTCGGCA	80
471	612253	CTTTTCCGAT	80
472	612446	CTTTTCAAAA	80
473	613489	GTGTTCGGAA	80
474	614412	CTTTTTGGCA	80
475	618560	CTTTTGGCAA	80
476	619495	CTTTTCGGCG	80
477	623876	CTTTTTGGAT	80
478	625312	CTTTGCTGAA	80
479	627479	CATTTCGGCA	80
480	627932	CTTGTCGGAC	80
481	627998	TTTTTCGGAC	80
482	631166	CTTTTTGCAA	80
483	631248	CTTTTCGGTG	80
484	631673	TTTTTCTGAA	80
485	632948	CTTTCCGGAG	80
486	635857	GTTTTCGGAT	80
487	636890	CTTTTAGGAG	80
488	636952	CGTATCGGAA	80
489	641781	CTTTTACGAA	80
490	643460	CGTTTCGCAA	80
491	643540	CTTATCGGAG	80
492	647314	TTTTCCGGAA	80
493	648646	CTTATCGGAA	90
494	649217	TTTTTCTGAA	80
495	649456	TCTTTCGGAA	80
496	652627	CTTTTCGGAA	100
497	653959	CTGTACGGAA	80
498	654373	CTTTTAAGAA	80
499	654578	CTTTACAGAA	80
500	656177	CTTTTTGAAA	80
501	656920	CCTTTCTGAA	80
502	658033	CTTGACGGAA	80
503	658830	GTTTTCTGAA	80
504	659883	CGATTCGGAA	80
505	660537	CTTACCGGAA	80
506	662526	CTTTACGGAT	80
507	664059	CTTGTTGGAA	80
508	665404	CGATTCGGAA	80
509	665738	CTGTTCGGAC	80
510	666345	CCTTGCGGAA	80
511	666883	CTTTTCGCAG	80
512	667004	CTTTTCGAGA	80
513	669506	CTTTTCTGAG	80
514	670283	ATTTTCTGAA	80
515	672319	CATTTCGAAA	80
516	673029	TTTTTGGGAA	80
517	673283	CGTTACGGAA	80
518	673820	TTTTTCAGAA	80
519	676102	ATTTTCAGAA	80
520	676348	ATTTTCTGAA	80
521	676619	CTTTTTGGAG	80
522	677003	TTTTTCGGCA	80
523	677532	CTTTTCAGCA	80
524	678195	CTTGTCGTAA	80
525	680459	TTTTGCGGAA	80
526	681632	CTTTTAGGAA	90
527	685220	GTTTTCTGAA	80
528	687031	CTTTCCGCAA	80
529	690707	CATTTCGGAC	80
530	691061	CTTTTCTTAA	80
531	692494	CTTTACAGAA	80
532	692980	GTTTTGGGAA	80
533	694303	CTTTTTGGCA	80
534	698573	ATTTTCTGAA	80
535	699747	CTTTTCCAAA	80
536	699837	CTTGTCGGAC	80
537	701239	CTTCCCGGAA	80
538	701825	CATTTCGGAA	90
539	704415	GTTTTTGGAA	80
540	705845	CTCTTCGGAT	80
541	707143	CATTTCGGGA	80
542	707549	CTTGTCAGAA	80
543	708645	CCTTTCGTAA	80
544	708758	CTTTCCTGAA	80
545	709087	CTCTTCAGAA	80
546	709317	CTTCACGGAA	80
547	710855	AATTTCGGAA	80
548	711366	TTTTTCAGAA	80
549	711658	CTTTTCGGCT	80
550	711702	TTTTTCGTAA	80
551	712184	CTTGTCGGCA	80
552	712257	CCTTTCAGAA	80
553	712934	TTTTTTGGAA	80
554	713444	TTTTTCGTAA	80
555	713749	TTTTACGGAA	80
556	714412	CCCTTCGGAA	80
557	715205	CTCTTCGGAA	90
558	715307	CTTTTTGCAA	80
559	716971	CTTTTTGCAA	80
560	717134	CTTTCCGGAA	90
561	717309	CTTTTCTGCA	80
562	718898	ATTGTCGGAA	80
563	721824	CGTTTCAGAA	80
564	729163	CTTTTTGGCA	80
565	729248	CTTTTCGGTA	90
566	730085	GGTTTCGGAA	80
567	730654	CTGTTCTGAA	80
568	732489	TTTTCCGGAA	80
569	732503	ATTTTCGGTA	80
570	732768	TTTTTCGCAA	80
571	741446	TTTTACGGAA	80
572	741731	ATTTTTGGAA	80
573	742134	ATTTTGGGAA	80
574	742177	CATTACGGAA	80
575	743075	CTTCTGGGAA	80
576	749210	CTGTTCGGAC	80
577	749467	CTTTTCTCAA	80
578	749729	TTTTTTGGAA	80
579	751128	GTTTTCGGCA	80
580	752025	TTTATCGGAA	80
581	752124	GTTTTCGGAA	90
582	752265	CTTTACGGAA	90
583	754435	CTTTTTGGAC	80
584	756067	CTTTGAGGAA	80
585	757509	CTTTCCGGAA	90
586	757916	ATTTTCGGAG	80
587	758295	TTTTTCGGAC	80
588	759631	CTTTTCGGAA	100
589	760953	CTTGCCGGAA	80
590	761429	CGTTTCAGAA	80
591	762902	CGTTCCGGAA	80
592	763136	CTTTAAGGAA	80
593	768244	GTTTTCTGAA	80
594	768721	TTTTTCGGAA	90
595	769592	CTTTTCGGAT	90
596	771525	CTTTCCGGGA	80
597	773723	CTGTTCGGAG	80
598	776450	CTTTTCTGAC	80
599	777562	CTTTGCGGGA	80
600	778099	CTTTTCGCAC	80
601	779597	CCATTCGGAA	80
602	780080	CTTTAAGGAA	80
603	781604	CTTGTCGGAT	80
604	782461	CTTGTCGTAA	80
605	782604	CTGTTCCGAA	80
606	783344	ATTTGCGGAA	80
607	783972	CTTCTCGGAT	80
608	784450	CTTCTCGGGA	80
609	788528	CATTACGGAA	80
610	793864	CCATTCGGAA	80
611	795902	CCTTTCGAAA	80
612	796817	CTATGCGGAA	80
613	797477	CTTTACAGAA	80
614	799288	CTTTTAGGAA	90
615	800641	CTTTTGAGAA	80
616	800676	CTTTTAGGCA	80
617	802683	CTTTTCTGAT	80
618	803223	CTTTGCGGAT	80
619	803960	CATTTCGCAA	80
620	808234	CTGTTCGGAC	80
621	808358	CTTTTGCGAA	80
622	808984	CATTTCTGAA	80
623	810493	CGTCTCGGAA	80
624	814315	CTTTTGAGAA	80
625	814835	CTTTTCAGCA	80
626	815785	CTTTCCGGTA	80
627	818211	CTTTTTGGAT	80
628	818496	TTTTTCGCAA	80
629	819189	TTTTTCTGAA	80
630	821066	CTTATCCGAA	80
631	821499	CTTTTTTGAA	80
632	822433	CTTTTCAAAA	80
633	822998	CTTCACGGAA	80
634	826154	TCTTTCGGAA	80
635	827293	TTTTTCTGAA	80
636	827703	TTTTTCTGAA	80
637	828803	ATTTTCGGAT	80
638	831608	CTTTTCGCGA	80
639	832960	TTTTTGGGAA	80
640	835559	CTTGTCGGAC	80
641	838295	GTTTTGGGAA	80
642	840352	CTTTTCCGAT	80
643	842071	CGTTTCGGAA	90
644	842313	CGTTTCGGAA	90
645	843273	CTTTGCCGAA	80
646	843556	CGTTTCGGCA	80
647	844366	CTTGCCGGAA	80
648	845105	GTTTTCTGAA	80
649	849063	GTTTTCGGCA	80
650	850928	CTTCTCGGCA	80
651	853031	CTTTAAGGAA	80
652	853985	TTTTTCAGAA	80
653	854179	CTTTTTGGAG	80
654	858796	ATTTTCGGGA	80
655	859486	CTTTTCTGTA	80
656	860937	TTTTTAGGAA	80
657	861745	CTTTTGGGAA	90
658	862854	CTTTTCAGCA	80
659	863899	CTTTTCGGTT	80
660	869862	CATTTCGTAA	80
661	870940	CTTTTCTGAG	80
662	871017	CTTCTCCGAA	80
663	873584	GTTTTCGGAG	80
664	877478	ATTTTCGGTA	80
665	877790	CGTTTCGGGA	80
666	877880	CTTTTCTGAT	80
667	877908	CTTGGCGGAA	80
668	878164	ATTTTCGAAA	80
669	879278	ATTTTCGGGA	80
670	883582	TTTATCGGAA	80
671	884597	TCTTTCGGAA	80
672	884847	CTGTTCGGAT	80
673	885427	CTTTTCGTGA	80
674	886978	CTTCTTGGAA	80
675	887543	CTTTCCGCAA	80
676	887844	CTGTTCGGCA	80
677	888028	ATTTCCGGAA	80
678	888163	CTTTAAGGAA	80
679	889701	CTTTTCTAAA	80
680	889784	CTTTTCATAA	80
681	891943	CTTTCCGGAG	80
682	892472	CTGTTTGGAA	80
683	892871	GTTTTTGGAA	80
684	893024	CTTTCCGCAA	80
685	893569	CTTTTCTGTA	80
686	893810	CTTTTCGGGA	90
687	895593	CAATTCGGAA	80
688	895973	GTTTTCAGAA	80
689	897490	ATTTTCGTAA	80
690	897696	TTTTTCGGCA	80
691	898592	ATTGTCGGAA	80
692	899101	CTTTTATGAA	80
693	899868	CTTTTCAAAA	80
694	899974	CTTTTTAGAA	80
695	900137	CTTTTACGAA	80
696	901043	CTTCTCGGCA	80
697	901519	CTTATCGTAA	80
698	902275	CTTTTAGAAA	80
699	905695	CTTCTCTGAA	80
700	906005	GTTATCGGAA	80
701	907511	CTCTTCGGAA	90
702	909048	ATTCTCGGAA	80
703	909704	CTTTTCGCAA	90
704	909858	CTCTTTGGAA	80
705	909936	ATTTTCAGAA	80
706	912149	CTTTTTGCAA	80
707	913221	CTTTTTGTAA	80
708	914169	CTTGACGGAA	80
709	914278	CTTCACGGAA	80
710	914676	CTTTTCTGAA	90
711	916307	CTCTTCAGAA	80
712	919266	CGTATCGGAA	80
713	920753	ATTTTCGGGA	80
714	921766	ATTATCGGAA	80
715	921955	CTTATCGGAA	90
716	923166	ATTTCCGGAA	80
717	924718	TTTTTCGGAA	90
718	924836	TTTTTCCGAA	80
719	925911	CATTGCGGAA	80
720	928031	CTTATCAGAA	80
721	928226	GTTTTCGTAA	80
722	928302	CTTTTCAGAT	80
723	933122	CTTTTGCGAA	80
724	933526	CTTTACGGCA	80
725	934479	TTTTTCTGAA	80
726	935064	TTTTTCGAAA	80
727	936619	TTTTTCGGTA	80
728	936950	TTTTTTGGAA	80
729	937247	CTTGTCGTAA	80
730	943221	CTTTTCGGTA	90
731	944042	ATTTTCGGGA	80
732	946195	CTTTTCGAAG	80
733	946299	CTTGACGGAA	80
734	947120	GTTTTCGGAT	80
735	948153	CTTTTAGGAG	80
736	948215	CGTATCGGAA	80
737	953137	CTTTTTTGAA	80
738	958225	CTTGTCGGAC	80
739	959240	CTGATCGGAA	80
740	961241	CATATCGGAA	80
741	961502	CTTATCGGAC	80
742	962850	GTTTTCAGAA	80
743	962882	GTTTTCTGAA	80
744	965214	TTTTTCTGAA	80
745	965842	CTTTTTTGAA	80
746	967314	CTTTTCTCAA	80
747	967484	CTTTCCGGCA	80
748	968360	CGTTGCGGAA	80
749	968581	CTTTTCTGAC	80
750	969557	CTATTCTGAA	80
751	970447	GTGTTCGGAA	80
752	971053	CTATTCAGAA	80
753	972246	TTTCTCGGAA	80
754	973728	CTTTTCAGAA	90
755	974751	CATTTCGGAA	90
756	974864	CTATTCAGAA	80
757	975148	CTTTTCAAAA	80
758	976365	TTTTTCAGAA	80
759	976400	ATTTTCGTAA	80
760	977009	CTGTTCAGAA	80
761	977058	CTTTCCGCAA	80
762	979570	CATTTCGGAA	90
763	980876	CTTTGCTGAA	80
764	983748	TTCTTCGGAA	80
765	984132	GCTTTCGGAA	80
766	984635	TTTTTCGGAA	90
767	984676	ATTTACGGAA	80
768	984737	ATTTTGGGAA	80
769	985743	TTTTTCTGAA	80
770	988729	ATTTTCTGAA	80
771	991965	CTTTTTGCAA	80
772	996321	CTTTCCTGAA	80
773	996545	CTTTTCGAAG	80
774	997375	CGTTTCAGAA	80
775	997646	CTTTTTGAAA	80
776	998557	TTTTCCGGAA	80
777	999130	CTTTGAGGAA	80
778	1001486	CTGATCGGAA	80
779	1001778	CTATTCGCAA	80
780	1002397	CTTTACGGCA	80
781	1003821	CTGTTTGGAA	80
782	1004034	TTCTTCGGAA	80
783	1005575	CTTTACGAAA	80
784	1007442	ATTATCGGAA	80
785	1008462	CCTTTCTGAA	80
786	1010362	CTTTTAGCAA	80
787	1010404	CTTTTCGCAG	80
788	1011062	CTTTTCTAAA	80
789	1011376	CTTTTGGTAA	80
790	1012199	CTTTTCCGGA	80
791	1012200	TTTTCCGGAA	80
792	1013750	CGTTTCGGCA	80
793	1014586	ATGTTCGGAA	80
794	1016958	CTTTGGGGAA	80
795	1017516	TTTTTCGCAA	80
796	1018573	CTTTTCGTTA	80
797	1018611	TTTTTCAGAA	80
798	1020888	TTTTTCGGAA	90
799	1021608	TTTTTCGGCA	80
800	1022037	CTTTTCAGCA	80
801	1023363	TTTTTAGGAA	80
802	1024430	TTTTTCGGAA	90
803	1025057	ATTTTTGGAA	80
804	1026551	TTTTTCGGTA	80
805	1030457	ATTGTCGGAA	80
806	1031612	CGTTTCTGAA	80
807	1031634	CTTTCCGGTA	80
808	1032684	CATTTCAGAA	80
809	1032873	GTTTTCTGAA	80
810	1035037	TTTTTCCGAA	80
811	1035376	ATTTTTGGAA	80
812	1037328	CTTTGCTGAA	80
813	1038506	CATATCGGAA	80
814	1040556	ATTTGCGGAA	80
815	1041387	CTTTTCAGTA	80
816	1041989	CTTTTATGAA	80
817	1042144	TTTTTCAGAA	80
818	1043054	CTTGTCAGAA	80
819	1044282	CTTTTGGGCA	80
820	1047554	GTTTTCGGTA	80
821	1050613	CTTTTGGGAA	90
822	1051168	CTTTCCGGAA	90
823	1052442	TTTTTCGGTA	80
824	1052870	CGTTTCGGGA	80
825	1052930	CTTATCGGGA	80
826	1052961	GTTTTCGGAT	80
827	1053001	CTTTTTGGGA	80
828	1053002	TTTTTGGGAA	80
829	1053347	CTTTACAGAA	80
830	1055076	CTTTACGGCA	80
831	1056520	TTTTTCGTAA	80
832	1057430	CGTTCCGGAA	80
833	1059629	CCTATCGGAA	80
834	1061661	CTTTTCGGCC	80
835	1062222	CTTTTTAGAA	80
836	1063010	CATTTCGGCA	80
837	1064197	CTTGTCGGGA	80
838	1065067	CTTTTTGAAA	80
839	1066234	GTTTTCCGAA	80
840	1066853	ATTTCCGGAA	80
841	1067590	CTTCTCGAAA	80
842	1068005	CATTTCGGAC	80
843	1068025	CATTGCGGAA	80
844	1068650	TTTTTCCGAA	80
845	1070651	CTTTGCTGAA	80
846	1070681	CTTTTGCGAA	80
847	1072923	ATTGTCGGAA	80
848	1073220	CGTTTCGAAA	80
849	1073294	ATTTTCCGAA	80
850	1073469	CTTTTTTGAA	80
851	1075229	CTTTACAGAA	80
852	1076619	CTTTTCCGTA	80
853	1076741	ATTTTTGGAA	80
854	1076810	GTTTTCGGAA	90
855	1079502	CTTTTCGAAG	80
856	1080261	CTGTTCGGGA	80
857	1080740	CCTTTCCGAA	80
858	1082950	GTTTTGGGAA	80
859	1084455	CTATTCCGAA	80
860	1086806	CTTTTCAGAG	80
861	1087885	CGTTTCCGAA	80
862	1089839	CTTGTCGCAA	80
863	1092282	CTTGTAGGAA	80
864	1092324	CTATTGGGAA	80
865	1093118	TTTTCCGGAA	80
866	1093673	CTTTTCTAAA	80
867	1093897	CTTTTTGGCA	80
868	1094804	CTTCTCGCAA	80
869	1095187	CGGTTCGGAA	80
870	1098207	CTTTTTCGAA	80
871	1098538	CTGTTCGGAT	80
872	1098903	GTTTTCGAAA	80
873	1100041	CTGGTCGGAA	80
874	1101843	CATTTCGGGA	80
875	1101909	CATTTTGGAA	80
876	1103393	CTTTTCGGTT	80
877	1105383	TTTTTCAGAA	80
878	1105407	CTTGGCGGAA	80
879	1105458	CTTTTCTGTA	80
880	1105949	CTTTACAGAA	80
881	1106109	CTTTTTTGAA	80
882	1107325	CTGCTCGGAA	80
883	1110576	TTTTTCGGAA	90
884	1110748	CTTCTGGGAA	80
885	1115426	CTCTTCGTAA	80
886	1117871	CTTGTCCGAA	80
887	1118324	CTTTTCGGCC	80
888	1120424	CTTTTCCGTA	80
889	1121209	CTTTTCTGAC	80
890	1121717	CTTGTGGGAA	80
891	1123597	ATTTGCGGAA	80
892	1124091	CAATTCGGAA	80
893	1124875	TTTTGCGGAA	80
894	1125186	CTTTACAGAA	80
895	1126602	CTTTGCGGTA	80
896	1128397	CTTTTCCGTA	80
897	1129287	CTTTTTCGAA	80
898	1132566	CTTTTCGGTC	80
899	1134157	CTTTTTGGAA	90
900	1134345	CTTTTCAGAT	80
901	1134766	CTTTTCGGAA	100
902	1135236	CTTTTTTGAA	80
903	1138619	TTTTCCGGAA	80
904	1139229	CTTAGCGGAA	80
905	1140907	TTTTTCGGAT	80
906	1141915	GTTTTCGAAA	80
907	1144308	CTTTTCTGAA	90
908	1144836	GTTTTCGGCA	80
909	1146844	CATTTCAGAA	80
910	1148624	CTTTTCGGAG	90
911	1150719	CTTTTTGGAG	80
912	1152754	GTTTTCGGAT	80
913	1152820	TTTATCGGAA	80
914	1152969	CATTCCGGAA	80
915	1153310	CTTTTCGTCA	80
916	1154814	CTTTTCTGCA	80
917	1154994	GTTTGCGGAA	80
918	1158947	CTTTTAGAAA	80
919	1159438	CAGTTCGGAA	80
920	1160220	CTTTTCGGGA	90
921	1162155	CCTTTCGTAA	80
922	1163052	CTTTTCAAAA	80
923	1164252	CTTTTGAGAA	80
924	1165340	CCTTTCGAAA	80
925	1165423	CTTTCCGCAA	80
926	1166742	CTTGTCGCAA	80
927	1168026	CTTTTATGAA	80
928	1168666	CATTTCTGAA	80
929	1170106	CCTTTAGGAA	80
930	1170676	ATTTTCGGCA	80
931	1170832	TTTTTCGGAC	80
932	1171157	CTGTTCGAAA	80
933	1171678	CTTTTCTGCA	80
934	1172989	CTGTTCGTAA	80
935	1174656	CCTGTCGGAA	80
936	1174931	CCTTTCGGGA	80
937	1177345	CTGTTCGGGA	80
938	1178747	CTTTTGGAAA	80
939	1179099	CTGCTCGGAA	80
940	1179913	CTGTTCGGAT	80
941	1183282	CATGTCGGAA	80
942	1184517	CTTTTCATAA	80
943	1184863	TTTTTGGGAA	80
944	1185671	TTTGTCGGAA	80
945	1185938	TTTTTGGGAA	80
946	1186288	CGTTTCGAAA	80
947	1189331	ATTTACGGAA	80
948	1189845	CTTTTCAAAA	80
949	1192671	GTTTTCGGGA	80
950	1194069	CTTTTCAAAA	80
951	1194218	TTTTTCAGAA	80
952	1194336	TTTTTCGCAA	80
953	1194549	CATATCGGAA	80
954	1194704	CTTTTCAGCA	80
955	1195816	ATATTCGGAA	80
956	1198962	CTTTTTGCAA	80
957	1200851	TTTTGCGGAA	80
958	1200993	CTTGTCGAAA	80
959	1203194	CGTTCCGGAA	80
960	1203362	CTTTACAGAA	80
961	1205372	CTGTTCGGAA	90
962	1205943	GTTTTGGGAA	80
963	1206200	CAGTTCGGAA	80
964	1207799	CTTTTTTGAA	80
965	1211264	CTTTTTGGAT	80
966	1211764	CTTTCAGGAA	80
967	1214531	CATTCCGGAA	80
968	1215468	GATTTCGGAA	80
969	1216131	GTTGTCGGAA	80
970	1217254	CTCTTTGGAA	80
971	1218031	TTTTTCGAAA	80
972	1227008	CTCTTCTGAA	80
973	1227069	GTTTGCGGAA	80
974	1229736	CCTTCCGGAA	80
975	1233106	CTGTGCGGAA	80
976	1234027	CTTTTTTGAA	80
977	1235996	CTTTTCGAAG	80
978	1236903	CTTTTAGAAA	80
979	1238414	CATTTTGGAA	80
980	1239924	TTTTTCGTAA	80
981	1242454	GTTTTCAGAA	80
982	1244031	ATTTTCTGAA	80
983	1244713	CATTTCAGAA	80
984	1246930	GTATTCGGAA	80
985	1247941	CTTGCCGGAA	80
986	1249241	ATTGTCGGAA	80
987	1249699	CATTTCCGAA	80
988	1250300	CGTTTCCGAA	80
989	1251919	ATTTTCGCAA	80
990	1255873	CTTTCCGCAA	80
991	1256484	TTTTTCAGAA	80
992	1256632	CTTTTCAGTA	80
993	1261258	CTGTTCGAAA	80
994	1261969	CTTTAAGGAA	80
995	1262744	CTTGTCAGAA	80
996	1264498	GTTTTGGGAA	80
997	1264605	TTTTTCAGAA	80
998	1264791	TTTTTCGTAA	80
999	1265152	TTCTTCGGAA	80
1000	1265320	CTATTCGAAA	80
1001	1265471	TTTTTCGCAA	80
1002	1267528	CTTTTCCAAA	80
1003	1269753	CTTTTCCGAA	90
1004	1270496	TTTTCCGGAA	80
1005	1272747	CTTGTCCGAA	80
1006	1273790	TTTTTAGGAA	80
1007	1273856	CTCTTCGGCA	80
1008	1275429	CTTTTCGGTG	80
1009	1275743	CTTTTCTGTA	80
1010	1275965	CTTTTTGGCA	80
1011	1277066	CTTTTCGCAA	90
1012	1278305	CTTTTCGCAT	80
1013	1284155	ATTTTCGGAA	90
1014	1288219	CCTTTCGGAA	90
1015	1288805	CTGTTTGGAA	80
1016	1290533	TTTTCCGGAA	80
1017	1291277	CTTTTTCGAA	80
1018	1291278	TTTTTCGAAA	80
1019	1291880	CTTTTTGGAA	90
1020	1293110	CTTTTCAGAT	80
1021	1293287	CATTTCGGGA	80
1022	1294299	GTTTGCGGAA	80
1023	1294539	CTTTTCAGGA	80
1024	1295384	CTGATCGGAA	80
1025	1296123	CTTTTCAGGA	80
1026	1297632	CTATTCGGTA	80
1027	1297752	CTTTCCGGAT	80
1028	1298930	CTTTTCGGCC	80
1029	1299202	CATTACGGAA	80
1030	1301788	CTTCTGGGAA	80
1031	1302601	CATATCGGAA	80
1032	1302965	TTTATCGGAA	80
1033	1303825	CTGATCGGAA	80
1034	1303973	CTTTTGGGAA	90
1035	1306125	ATTTTCGGAC	80
1036	1307273	CGCTTCGGAA	80
1037	1307758	CTCTTCGGAA	90
1038	1312028	CTTTGCTGAA	80
1039	1314233	TTTTTCGGCA	80
1040	1316108	GTTTTCAGAA	80
1041	1319160	ATTTTCGGAT	80
1042	1322036	CTTTTCCGAC	80
1043	1322251	CTTCTCGAAA	80
1044	1322657	CTTTTCGCTA	80
1045	1323113	CTTTTAGGAC	80
1046	1324049	ATTTTCTGAA	80
1047	1325049	CTTTTATGAA	80
1048	1326383	TTTTTCGGGA	80
1049	1326430	CTTTACGAAA	80
1050	1326981	CTGTTCGGAC	80
1051	1327275	CTTTTCTGAG	80
1052	1329842	CATTGCGGAA	80
1053	1337611	ATTTTCAGAA	80
1054	1337788	CTTTTTGCAA	80
1055	1337869	CTTTGCGCAA	80
1056	1339138	TTTTTCCGAA	80
1057	1340114	GTATTCGGAA	80
1058	1345264	CTTGGCGGAA	80
1059	1346309	CTTTGCGGAG	80
1060	1348764	CTTTTCCGTA	80
1061	1349240	GTTTTCCGAA	80
1062	1349941	CTCTGCGGAA	80
1063	1350601	CATTTCCGAA	80
1064	1352023	CTTTTCGGGA	90
1065	1352468	GTTTTTGGAA	80
1066	1352791	ATTTTCGAAA	80
1067	1353514	CATTCCGGAA	80
1068	1357622	CTTTTAAGAA	80
1069	1357992	CGTTTCGGAG	80
1070	1358125	CTTTTCAGCA	80
1071	1358784	CTTTTTTGAA	80
1072	1360072	CTATACGGAA	80
1073	1361616	CTTTTTGGAC	80
1074	1364811	TTTGTCGGAA	80
1075	1366220	CTTTTGGGGA	80
1076	1366820	CGTTTCAGAA	80
1077	1367454	CCATTCGGAA	80
1078	1368819	TTTTTCAGAA	80
1079	1371109	CTTTTCGATA	80
1080	1372768	CTTTTCGAAA	90
1081	1374782	CTGCTCGGAA	80
1082	1376476	GTTTTCGGAG	80
1083	1377071	CTTATCGGCA	80
1084	1378813	TTTTTCGAAA	80
1085	1379416	CTTTCCGAAA	80
1086	1381173	CTTGTCGCAA	80
1087	1382160	CTTTGCGGCA	80
1088	1385358	CGTTTCGGGA	80
1089	1385568	ATTCTCGGAA	80
1090	1387982	CTTTTCGAAT	80
1091	1388234	CTTTTCTGAT	80
1092	1388600	CTTTTCCAAA	80
1093	1390195	CGTTTCGGAG	80
1094	1390543	CTTTTCCGAG	80
1095	1390945	CGTTTCCGAA	80
1096	1396733	CTTGTCGGCA	80
1097	1397168	CTTTTGGGAT	80
1098	1399903	GTTTTCGGGA	80
1099	1401299	AGTTTCGGAA	80
1100	1402105	TTTTTTGGAA	80
1101	1404378	TTTTTCTGAA	80
1102	1405210	TTTTTTGGAA	80
1103	1405272	TTTTTCAGAA	80
1104	1407083	TTTTTCGCAA	80
1105	1407677	CTTTTTGGAG	80
1106	1409889	GTTTTCCGAA	80
1107	1410189	GTTTTGGGAA	80
1108	1414769	CTTTTAGGGA	80
1109	1415635	CTTTTCGATA	80
1110	1417351	CTGATCGGAA	80
1111	1418206	TTTTGCGGAA	80
1112	1419124	ATTTTCTGAA	80
1113	1419480	CTTTCCGTAA	80
1114	1421661	CTTTTCAGCA	80
1115	1422777	CTTTTTTGAA	80
1116	1422880	ATTTACGGAA	80
1117	1423823	CTTTTCGACA	80
1118	1423899	CTTTCCGTAA	80
1119	1424778	CTTTTCTGAT	80
1120	1425089	CATTCCGGAA	80
1121	1425157	GTCTTCGGAA	80
1122	1425213	CTTTTCTGTA	80
1123	1425487	ATTTTCCGAA	80
1124	1426457	CTTTTCAGAG	80
1125	1427375	CTTCTCTGAA	80
1126	1428514	CTTTCGGGAA	80
1127	1429326	CTTGTGGGAA	80
1128	1429401	GTTTGCGGAA	80
1129	1430973	CTTTTCGGAA	100
1130	1432261	CTTTTCGACA	80
1131	1432722	CTTTTCCAAA	80
1132	1435175	CCTTTCAGAA	80
1133	1438189	TTTTTCTGAA	80
1134	1438215	TTTTTCGGCA	80
1135	1438893	ATTTTCGGAG	80
1136	1439597	CATTGCGGAA	80
1137	1442187	CTTTTTTGAA	80
1138	1445549	GGTTTCGGAA	80
1139	1447150	CTTTTCGAAT	80
1140	1447579	CTTTTGAGAA	80
1141	1450122	TATTTCGGAA	80
1142	1451296	CTTTTGGGCA	80
1143	1453356	CTTTTCATAA	80
1144	1455539	CATTTCGGAA	90
1145	1456212	GGTTTCGGAA	80
1146	1456565	CCTTCCGGAA	80
1147	1457406	CTTTTCGCAG	80
1148	1457561	CTTTACGGAA	90
1149	1458324	CTATTCGGTA	80
1150	1458678	ATTTTCGGAC	80
1151	1463303	CCTTCCGGAA	80
1152	1465958	TATTTCGGAA	80
1153	1467515	ATTTTCGTAA	80
1154	1469071	CTTTTAGGAA	90
1155	1471065	CCTTTCAGAA	80
1156	1471330	GTTTTCTGAA	80
1157	1473156	CTTTTCAGAA	90
1158	1473686	GCTTTCGGAA	80
1159	1477896	CTTTTAGAAA	80
1160	1484091	CTTTTTGAAA	80
1161	1485371	CTTTTCGACA	80
1162	1489903	CTTTTTGTAA	80
1163	1491232	CTTTAGGGAA	80
1164	1491268	CTTTTCTCAA	80
1165	1493654	ATTTTCAGAA	80
1166	1496065	CTGTTTGGAA	80
1167	1497702	CTTTTGGCAA	80
1168	1498228	ATTTTCCGAA	80
1169	1499390	CTTATCCGAA	80
1170	1502593	GTTTTGGGAA	80
1171	1503029	CGTTTTGGAA	80
1172	1503497	GTTTTTGGAA	80
1173	1503633	CTTTTCGGAG	90
1174	1504212	CTATTCGGAA	90
1175	1504476	CTTTTATGAA	80
1176	1507230	ATTTTCGGCA	80
1177	1508222	ATTTTCGGCA	80
1178	1508566	TTTTTCTGAA	80
1179	1508674	CTTTTTAGAA	80
1180	1508931	CTTATGGGAA	80
1181	1509095	CTTGCCGGAA	80
1182	1510036	CTTATCGAAA	80
1183	1510555	CTGTTCGGTA	80
1184	1510843	ATTTTCAGAA	80
1185	1513234	CTTCTCGAAA	80
1186	1515014	CGTTTCTGAA	80
1187	1515863	CTTTTTGGAA	90
1188	1515899	CTTTTAGCAA	80
1189	1516157	CTTTTTGGAC	80
1190	1516866	GTTTTTGGAA	80
1191	1517287	GTTTTCTGAA	80
1192	1519094	CTTTTCAGAG	80
1193	1521164	CGTTTCGAAA	80
1194	1523243	CTTTTTGTAA	80
1195	1524122	CCTTGCGGAA	80
1196	1524389	TTTTGCGGAA	80
1197	1529520	GTTTTCGGAG	80
1198	1536342	CTTTTTGGAG	80
1199	1536494	TTTTTCGTAA	80
1200	1536992	ATTTTCAGAA	80
1201	1538154	CTTTTTAGAA	80
1202	1540024	CTTTTCCTAA	80
1203	1541170	TTTTTCAGAA	80
1204	1541371	CCTTTTGGAA	80
1205	1541613	CTTTTTGAAA	80
1206	1541832	CTTTTTGAAA	80
1207	1542320	CTTTTCGTAT	80
1208	1545561	CTTTTATGAA	80
1209	1546784	CGTATCGGAA	80
1210	1546850	CTTGACGGAA	80
1211	1550953	CTTTCCCGAA	80
1212	1552270	CTTTTGGAAA	80
1213	1554451	CTTATCTGAA	80
1214	1560218	CTTTTCTAAA	80
1215	1561103	TTTTTGGGAA	80
1216	1562235	CTGTTCGGAA	90
1217	1562265	CTTGGCGGAA	80
1218	1562282	CATTTGGGAA	80
1219	1563585	CGCTTCGGAA	80
1220	1563866	CTTGTCGGTA	80
1221	1565340	CTTTTCGTTA	80
1222	1566244	CTTATCGGAT	80
1223	1566837	ATTTTCTGAA	80
1224	1567566	CATTTGGGAA	80
1225	1567629	ATTTTCGGAG	80
1226	1567978	TTTTCCGGAA	80
1227	1568033	CTTTTCGAAA	90
1228	1569495	CTTTTAGAAA	80
1229	1571044	CTTTTGTGAA	80
1230	1574002	CTTTTCGGAT	90
1231	1575615	CTTTTAGAAA	80
1232	1575638	CTTTTGTGAA	80
1233	1575698	CATTTCGGAA	90
1234	1576583	CATTGCGGAA	80
1235	1578031	CTTTTATGAA	80
1236	1578308	TTTTTCGGTA	80
1237	1578330	CATTTCGGAT	80
1238	1578523	TTTTTCGCAA	80
1239	1578851	CTTATTGGAA	80
1240	1579961	CTTTTCAAAA	80
1241	1582696	CTTTTTGGAA	90
1242	1583058	CTTTTGCGAA	80
1243	1585864	ATTGTCGGAA	80
1244	1586992	CTTTTCCCAA	80
1245	1587653	TTTTTCGCAA	80
1246	1588144	GTTTTCAGAA	80
1247	1588868	GTTTTAGGAA	80
1248	1591040	TTGTTCGGAA	80
1249	1591220	CTGTACGGAA	80
1250	1591766	GTTTTCTGAA	80
1251	1595416	CTATTCGCAA	80
1252	1595539	TTTTTCTGAA	80
1253	1597784	GTTTTGGGAA	80
1254	1599485	CTTTTCTGAT	80
1255	1600230	CATTTTGGAA	80
1256	1602509	CTCTTCGCAA	80
1257	1603165	CTTTTGGAAA	80
1258	1604400	ATTTTCGGAA	90
1259	1606472	CGTTTTGGAA	80
1260	1608927	CATTTCAGAA	80
1261	1609066	TTTTTTGGAA	80
1262	1609756	CTTGTCGGAG	80
1263	1610140	TTTATCGGAA	80
1264	1613325	ATTTTCTGAA	80
1265	1617573	CTTTCCGGAA	90
1266	1618132	CTTTTCTGAA	90
1267	1618409	CTTGTCGGCA	80
1268	1618450	CCTTGCGGAA	80
1269	1618939	CTTTGCGTAA	80
1270	1619140	CTCGTCGGAA	80
1271	1619593	CTGATCGGAA	80
1272	1620076	CTGTTCGGAA	90
1273	1621015	CCCTTCGGAA	80
1274	1622334	CCATTCGGAA	80
1275	1622705	GCTTTCGGAA	80
1276	1622825	CTTATCGGAA	90
1277	1623380	TTATTCGGAA	80
1278	1625119	CTGTTCGGAA	90
1279	1626201	CTTGTCGCAA	80
1280	1627092	CTTTTGAGAA	80
1281	1627227	CCTTTGGGAA	80
1282	1628426	ATTATCGGAA	80
1283	1628692	CTTTTCAGCA	80
1284	1630420	ATTTCCGGAA	80
1285	1630508	AGTTTCGGAA	80
1286	1631899	ATTATCGGAA	80
1287	1632723	GTTTGCGGAA	80
1288	1633003	CTTGTCAGAA	80
1289	1634699	CCTTTCAGAA	80
1290	1634905	CTTTTTGGAA	90
1291	1635227	CTCATCGGAA	80
1292	1635364	TTTTTCAGAA	80
1293	1636728	GTTTTCAGAA	80
1294	1636881	GTTTTCCGAA	80
1295	1637000	CTTTTCCGAA	90
1296	1639105	CTGTTCGGAG	80
1297	1640909	CTTTTCGTAT	80
1298	1642023	CTTTTCGCAG	80
1299	1642245	CTTTTTAGAA	80
1300	1642329	CCTTTCTGAA	80
1301	1644460	GTTTTCTGAA	80
1302	1645745	TTTTTCGGAA	90
1303	1645895	CTTCTCGGAA	90
1304	1645929	ATTTTCCGAA	80
1305	1645946	CTTGTCGGAG	80
1306	1649232	TATTTCGGAA	80
1307	1650111	CTGTTCGGAG	80
1308	1653202	ATTTTCAGAA	80
1309	1654233	CTTTTGCGAA	80
1310	1655024	ATTTTCGGCA	80
1311	1655057	TTTTTAGGAA	80
1312	1655206	GTTTTCCGAA	80
1313	1655999	CTTTTCATAA	80
1314	1658391	GTTTGCGGAA	80
1315	1659785	ATTTTCGGAG	80
1316	1660896	CTTGTAGGAA	80
1317	1661475	CGTTTCGGAC	80
1318	1663156	TTTATCGGAA	80
1319	1664071	ATTTCCGGAA	80
1320	1668108	CTTGGCGGAA	80
1321	1668417	CTTCTTGGAA	80
1322	1671096	CTTTTCAGAT	80
1323	1673599	ATTTTCGGAG	80
1324	1674036	GTTATCGGAA	80
1325	1675001	CTCATCGGAA	80
1326	1676348	CTTCGCGGAA	80
1327	1678289	CTTTTCGGGC	80
1328	1678361	CTCTTAGGAA	80
1329	1682950	CTTATGGGAA	80
1330	1684093	CTTGTCGGAT	80
1331	1684282	TTTTTCGGGA	80
1332	1686532	CTTTTCGGTC	80
1333	1690563	GTTGTCGGAA	80
1334	1690698	CTTGACGGAA	80
1335	1692237	CTTTTCGGAG	90
1336	1693903	CTTATCAGAA	80
1337	1696207	CTTGACGGAA	80
1338	1696447	CTTGTCGGAG	80
1339	1697258	CTTATCCGAA	80
1340	1698658	CTTTTCAGAA	90
1341	1699373	CCTTTCGGCA	80
1342	1701264	CTTATCGTAA	80
1343	1702767	CTTATCGGAA	90
1344	1705108	TTTTTCAGAA	80
1345	1706289	CATTTCCGAA	80
1346	1707987	ACTTTCGGAA	80
1347	1708311	ATTTTCGGAA	90
1348	1708551	CTTTTAGGTA	80
1349	1712123	CTTTCCGGCA	80
1350	1713516	CGTGTCGGAA	80
1351	1716857	ATCTTCGGAA	80
1352	1719620	CTTTGCTGAA	80
1353	1720905	CTGTTCGTAA	80
1354	1722886	CTTTTAGGAG	80
1355	1723400	GTTTTCGGGA	80
1356	1723546	CTTTTCGATA	80
1357	1724062	ATTTTCGGAA	90
1358	1726580	CTATTCAGAA	80
1359	1727603	CTTTCCGGAT	80
1360	1728755	CTATCCGGAA	80
1361	1729440	CATTTCAGAA	80
1362	1729947	CATTGCGGAA	80
1363	1733360	CTTTACGGAG	80
1364	1737677	GTTTTCTGAA	80
1365	1737713	CTTTACTGAA	80
1366	1738771	ATTTGCGGAA	80
1367	1739754	CTCTTCAGAA	80
1368	1741549	CTTTTCAAAA	80
1369	1742100	CTTTTTAGAA	80
1370	1743082	ATTTTAGGAA	80
1371	1744527	CTTTTCAGCA	80
1372	1748371	AATTTCGGAA	80
1373	1750035	CCCTTCGGAA	80
1374	1753063	CTTTTCTGAT	80
1375	1755835	CGTTTCGGGA	80
1376	1757193	CTTCGCGGAA	80
1377	1758626	CTTTTCTCAA	80
1378	1759043	GTTTTCCGAA	80
1379	1759181	CTTTTTGGCA	80
1380	1760409	CTTTTGCGAA	80
1381	1760974	CTTTCCAGAA	80
1382	1763786	TTTTTCGGTA	80
1383	1764085	GTTTTCTGAA	80
1384	1768072	CTTTCCGGAT	80
1385	1769210	CTTTCCTGAA	80
1386	1769856	CTTTTTGGAT	80
1387	1770920	CCTTTAGGAA	80
1388	1771264	CTTGCCGGAA	80
1389	1773338	ATTTTCGGAA	90
1390	1778726	CATTTCCGAA	80
1391	1780446	CTTTTTGGAT	80
1392	1783177	CTCTGCGGAA	80
1393	1783441	ATTTTCGAAA	80
1394	1783737	CTAATCGGAA	80
1395	1784084	CTTGTCAGAA	80
1396	1784279	CTTTTTGAAA	80
1397	1785589	CTGTTTGGAA	80
1398	1785791	CTTTTCAAAA	80
1399	1785974	CTTTTGTGAA	80
1400	1787517	CTTTTAGGAG	80
1401	1789121	CTTTGCGGGA	80
1402	1790622	CTTTTCTGGA	80
1403	1790932	CTGTTCTGAA	80
1404	1792033	CTTATCGAAA	80
1405	1795474	CTTTGCCGAA	80
1406	1795849	CTTTTCCAAA	80
1407	1799954	TTTTTCTGAA	80
1408	1800191	CTTTCCTGAA	80
1409	1800897	CTCTTCGAAA	80
1410	1804834	ATTTTCCGAA	80
1411	1805254	CTTTTCTAAA	80
1412	1807389	CTTTTCAAAA	80
1413	1809436	TTTTTCAGAA	80
1414	1812343	CTATTCGAAA	80
1415	1812994	CGTTACGGAA	80
1416	1814050	CTTGGCGGAA	80
1417	1815225	CGTTGCGGAA	80
1418	1815499	CCTTTCGCAA	80
1419	1815747	CTTAGCGGAA	80
1420	1817895	CTATGCGGAA	80
1421	1820019	CATTTCGAAA	80
1422	1822343	CTGTACGGAA	80
1423	1822744	ATTATCGGAA	80
1424	1822791	ATTTTGGGAA	80
1425	1822948	TTTTTCAGAA	80
1426	1825034	CGTTTCGAAA	80
1427	1825133	CTTTTCTAAA	80
1428	1831690	TTTTTAGGAA	80
1429	1834701	CTTTTCTAAA	80
1430	1835292	CTGTTCGGAG	80
1431	1835457	CTTTTCTGTA	80
1432	1836005	ATTTTAGGAA	80
1433	1837777	CTTTTCTGAA	90
1434	1838258	CTTGTCGGAG	80
1435	1838681	TTTTGCGGAA	80
1436	1838918	CTTGGCGGAA	80
1437	1839798	CTTATCGGAT	80
1438	1841351	CTTTCAGGAA	80
1439	1843928	CCTTTCGCAA	80
1440	1845927	CTTATCGGAA	90
1441	1850923	CTTTTCGCAC	80
1442	1852862	ATTTTTGGAA	80
1443	1857549	GTTTCCGGAA	80
1444	1858460	CTTTCCGGAA	90
1445	1859297	CTTTTGGGAT	80
1446	1860123	TTTTGCGGAA	80
1447	1862370	CTTTACGGAT	80
1448	1862811	TTTTTCTGAA	80
1449	1863069	TTTTTCGAAA	80
1450	1866736	ATTTACGGAA	80
1451	1867004	CTTTACGAAA	80
1452	1872087	CTTTTCGGCT	80
1453	1876438	CTTTCCAGAA	80
1454	1877322	CTCGTCGGAA	80
1455	1880175	CTTTGGGGAA	80
1456	1881028	CTTTTTGGAT	80
1457	1882280	ATTTTCAGAA	80
1458	1884577	CCTTTCGAAA	80
1459	1885130	CTTTTGGGTA	80
1460	1887550	TTTATCGGAA	80
1461	1887666	CTTTTCGGAT	90
1462	1887928	ATTTTGGGAA	80
1463	1890872	CTTCTCTGAA	80
1464	1893092	CTTTACTGAA	80
1465	1893623	CTATTCGGGA	80
1466	1896039	CTTTTCGCGA	80
1467	1897363	CTGGTCGGAA	80
1468	1898900	CTTTACGTAA	80
1469	1899104	CTTCTCGGCA	80
1470	1900464	CATTTGGGAA	80
1471	1900733	CTTTTTTGAA	80
1472	1901180	TTTTTCGTAA	80
1473	1901276	CTTGTCGCAA	80
1474	1901315	CTTTTTGTAA	80
1475	1903556	CTTTGCGAAA	80
1476	1905992	CTTTCAGGAA	80
1477	1906663	CTTTTTGTAA	80
1478	1907944	CTTCTGGGAA	80
1479	1908024	CTTTACAGAA	80
1480	1909298	CTTTTATGAA	80
1481	1909521	CTTTTTGAAA	80
1482	1910144	CATTTCGAAA	80
1483	1911355	CATTTCGGCA	80
1484	1911684	CTTTACGAAA	80
1485	1912518	CTTTTCAGAA	90
1486	1913255	CCTTTGGGAA	80
1487	1913422	CTTTTCTGAT	80
1488	1913626	CTTTTCGCAC	80
1489	1914522	CTGTTTGGAA	80
1490	1915066	CTTTTCATAA	80
1491	1916027	CGTTTCGGGA	80
1492	1916095	CATTTCGGAA	90
1493	1916753	CTTTTGGTAA	80
1494	1918024	CTTTGCGGAA	90
1495	1922267	CTTTGCCGAA	80
1496	1923136	TTTTTCTGAA	80
1497	1923915	CTTTTTGGAG	80
1498	1924401	CTTTTCAAAA	80
1499	1924656	GTTTTTGGAA	80
1500	1925069	CTTTTAGGAG	80
1501	1925307	CTTTTGGTAA	80
1502	1927322	CTTGTCGGAA	90
1503	1927460	CTTGTCGGCA	80
1504	1928312	CTTTCCGGAA	90
1505	1929086	CTTCTCGGCA	80
1506	1930028	GTTTTCAGAA	80
1507	1930229	CTTTTGAGAA	80
1508	1930640	CGTTTCGTAA	80
1509	1934187	CTTGTCTGAA	80
1510	1934381	CTTTGCTGAA	80
1511	1937274	CTTTACGAAA	80
1512	1938811	CTTCTCGAAA	80
1513	1941087	CTTTACGGAA	90
1514	1941225	ATTGTCGGAA	80
1515	1944117	CTTTGCGTAA	80
1516	1946266	CTTTTATGAA	80
1517	1946633	TTTATCGGAA	80
1518	1947126	CTCTTCGGCA	80
1519	1948059	CTTTTCTCAA	80
1520	1949437	CTTTTCCGAA	90
1521	1949802	CATTTCTGAA	80
1522	1950029	CTTTTCGGAC	90
1523	1950403	TTTTGCGGAA	80
1524	1950748	ATTTGCGGAA	80
1525	1951163	CTTTTCGAAT	80
1526	1951197	CTTTTCATAA	80
1527	1951607	GTTTCCGGAA	80
1528	1951766	CTTTCCAGAA	80
1529	1953537	CTTTTTGGGA	80
1530	1955247	CTGTTCGGAG	80
1531	1955555	CCTTTTGGAA	80
1532	1955556	CTTTTGGAAA	80
1533	1957051	CTGTTCCGAA	80
1534	1957296	TTTTTCGCAA	80
1535	1958334	ATTTGCGGAA	80
1536	1958887	CTTTTCCGTA	80
1537	1959542	CTTTTGGCAA	80
1538	1959692	CTTTTAGGAC	80
1539	1959985	GTTTTCGGAT	80
1540	1960234	CTTTTCTAAA	80
1541	1960267	CTTTTCAGCA	80
1542	1960903	TTTTTCGGCA	80
1543	1962461	TTTTTCCGAA	80
1544	1963932	CTTTACGGAG	80
1545	1966135	CTGTTCGGTA	80
1546	1968572	CTTTTGGGCA	80
1547	1972854	CCTTTCAGAA	80
1548	1973513	CTTTTCAGTA	80
1549	1975974	CTTTGCTGAA	80
1550	1977161	ATTTTCGGTA	80
1551	1979354	CTTTTGGGCA	80
1552	1981844	TTTTTCGGGA	80
1553	1981881	CCATTCGGAA	80
1554	1981902	CTTTTCGGCA	90
1555	1981922	TTTTTCGAAA	80
1556	1982350	CTGTTCGAAA	80
1557	1982392	TTTTTTGGAA	80
1558	1984013	CTTTTCGAAC	80
1559	1984613	CTGTTCGGTA	80
1560	1986635	CTTTTCCGCA	80
1561	1987521	CTTTTCCGGA	80
1562	1987522	TTTTCCGGAA	80
1563	1987727	CTGTTCGGTA	80
1564	1989878	CTTTTTGCAA	80
1565	1990261	CTTTTCAAAA	80
1566	1991193	CTTTTCTAAA	80
1567	1992388	CCTTTCGCAA	80
1568	1992648	CATGTCGGAA	80
1569	1993628	CTTTCAGGAA	80
1570	1994781	CTTTTGGGCA	80
1571	1999154	GTTTTCGGAG	80
1572	2001753	AGTTTCGGAA	80
1573	2002770	ATTTTTGGAA	80
1574	2005949	CTATTCGGAA	90
1575	2008224	CTTTTCGGAA	100
1576	2008339	GTTTTGGGAA	80
1577	2008570	ATTTACGGAA	80
1578	2008973	CTCTTCCGAA	80
1579	2009608	TTTTTTGGAA	80
1580	2010215	TTTTTCGGAA	90
1581	2010705	CTTTTCCGAC	80
1582	2010752	CCTTTAGGAA	80
1583	2011493	GTTTTCGGAG	80
1584	2012219	GTTTTCGGAT	80
1585	2012697	CTTTGCGGAT	80
1586	2014398	CTTTTCTAAA	80
1587	2014829	CGTTTCAGAA	80
1588	2016523	CTTCTCGTAA	80
1589	2017813	CTTTTCGACA	80
1590	2018885	ATTTCCGGAA	80
1591	2020178	CTTTTTGGAG	80
1592	2020305	CTTTTGGGCA	80
1593	2020836	CTGATCGGAA	80
1594	2021883	CTTTTCAAAA	80
1595	2022134	CTTTTACGAA	80
1596	2024714	CATTTCGGCA	80
1597	2025266	ATTTTCAGAA	80
1598	2025325	TTTTTCAGAA	80
1599	2025745	TTTTACGGAA	80
1600	2026513	CTTTTGGAAA	80
1601	2026549	ATTTACGGAA	80
1602	2027518	TTTTTAGGAA	80
1603	2027653	TTTTTAGGAA	80
1604	2028831	CTTTTCGTAA	90
1605	2030973	CTTTTTGGAA	90
1606	2031825	CTTTCCTGAA	80
1607	2032783	TTTTTCGGAG	80
1608	2032796	CTATTCGGAT	80
1609	2033283	TTTTACGGAA	80
1610	2033458	CATATCGGAA	80
1611	2034824	ATTTTCCGAA	80
1612	2035115	CTTTTGGAAA	80
1613	2035667	CTTCTTGGAA	80
1614	2039121	CTTTTCGCCA	80
1615	2043228	CTTATTGGAA	80
1616	2044544	CTTTTGGCAA	80
1617	2045633	CTTTTCCGAT	80
1618	2046313	CTCTTCGGAC	80
1619	2047456	CTTTTCTGAT	80
1620	2047544	CTATTCGAAA	80
1621	2049378	CTTTACGAAA	80
1622	2050379	CTTTTTGCAA	80
1623	2051200	CTTTTCTTAA	80
1624	2052352	CATTTCTGAA	80
1625	2052777	CTTTTAAGAA	80
1626	2054101	CTTTTCTTAA	80
1627	2056573	CTATACGGAA	80
1628	2059035	CTTTTTCGAA	80
1629	2059151	CTATACGGAA	80
1630	2062128	ATTTTCAGAA	80
1631	2067281	CTTATCAGAA	80
1632	2070912	CTTTTAGGGA	80
1633	2071902	CTGTTCGGGA	80
1634	2075329	ATTTTGGGAA	80
1635	2075511	CTTTACTGAA	80
1636	2076501	CTTTTCGAAA	90
1637	2079130	CTTTACGGCA	80
1638	2079666	CTTTTCGTGA	80
1639	2080298	TTTTTCGCAA	80
1640	2080825	CTTTTCATAA	80
1641	2081030	CTTTTTTGAA	80
1642	2081767	CTTTTTGGAT	80
1643	2082105	TGTTTCGGAA	80
1644	2083150	CCTTTCCGAA	80
1645	2083369	CTTTTCTGAT	80
1646	2084488	ATTTTCGGAC	80
1647	2084948	CTTTTCTGCA	80
1648	2088115	CTTTTATGAA	80
1649	2090720	TTTTTCGGTA	80
1650	2091563	CTTTTCAAAA	80
1651	2095908	CATTTCCGAA	80
1652	2098436	CTTTTCAAAA	80
1653	2098778	CTTTTCGAAA	90
1654	2099629	CTTTTTAGAA	80
1655	2101771	ATTTTCGGAC	80
1656	2102874	CTTTTCAGCA	80
1657	2103581	CTTTTCGAAC	80
1658	2107036	TTTTTCAGAA	80
1659	2107631	GTTTTCGAAA	80
1660	2107812	TTTTTCGCAA	80
1661	2110267	TTTTTCGGTA	80
1662	2111502	CTGTTCGGAT	80
1663	2111847	CTTTTATGAA	80
1664	2112727	CTTTTTGGGA	80
1665	2112841	CTTTTCCTAA	80
1666	2113131	ATTTTCAGAA	80
1667	2113548	CTTTTCAGAC	80
1668	2115108	GTTTGCGGAA	80
1669	2116025	CTTTTTGGAA	90
1670	2116452	CTTTCAGGAA	80
1671	2116505	GTTTTCGGAT	80
1672	2116861	TTTTTCGAAA	80
1673	2117156	CTTTTCAGCA	80
1674	2120052	GTTTTCTGAA	80
1675	2122809	GTTTTCGGAG	80
1676	2125628	GTTGTCGGAA	80
1677	2129599	CTTTTCGCAT	80
1678	2129698	CTTTTCTCAA	80
1679	2130743	CTTTTGGCAA	80
1680	2131526	CTGTTTGGAA	80
1681	2132336	CTTTGCCGAA	80
1682	2133397	CTTTTCATAA	80
1683	2134696	TTTTTCGGAT	80
1684	2134968	CTTTTTGGCA	80
1685	2135012	CTTTTCTGAT	80
1686	2135746	CTTTGCGGCA	80
1687	2136710	CTTTTCAGCA	80
1688	2136937	CTTTTCGTCA	80
1689	2138986	GTTTTTGGAA	80
1690	2142934	CTTTTGAGAA	80
1691	2143142	TTTTTCGGTA	80
1692	2143384	CTTTTCTGAT	80
1693	2143490	CTTTTCGGGA	90
1694	2143951	TTTTTCGCAA	80
1695	2144331	CTTTTTGAAA	80
1696	2146070	CTTTTCGTAA	90
1697	2146686	ATTTGCGGAA	80
1698	2146901	TATTTCGGAA	80
1699	2147077	CCTTCCGGAA	80
1700	2148041	CTTTTTGCAA	80
1701	2149068	CTTTTCATAA	80
1702	2149154	GTTTTCAGAA	80
1703	2149893	CTTTAAGGAA	80
1704	2151240	GTTTTTGGAA	80
1705	2153553	CTTTTTGAAA	80
1706	2155711	CCTTTTGGAA	80
1707	2158368	TTATTCGGAA	80
1708	2159119	CGTTTCGGAA	90
1709	2160257	ATTTTCGTAA	80
1710	2160546	TTTTGCGGAA	80
1711	2160947	TTTTTCGGAT	80
1712	2161807	TTTTTCCGAA	80
1713	2162621	CTTTTCGAAA	90
1714	2165210	CTTCTCGTAA	80
1715	2166111	CTTTTCTTAA	80
1716	2168062	CTTTTTGAAA	80
1717	2170114	TTTATCGGAA	80
1718	2173625	CTTTTCTTAA	80
1719	2175174	CTTTTTGAAA	80
1720	2175715	CTCTTCTGAA	80
1721	2176226	TTTTTCAGAA	80
1722	2176804	CTTTTCCGTA	80
1723	2179864	CTTTTCTCAA	80
1724	2180114	TTTTTCGGGA	80
1725	2184038	ATTTTCGGAT	80
1726	2185179	CTTTTCAGCA	80
1727	2185274	CTTTTTCGAA	80
1728	2185843	CTTTTCATAA	80
1729	2186534	CTTTTTGGGA	80
1730	2186535	TTTTTGGGAA	80
1731	2188909	CTTTACGGTA	80
1732	2189807	CCTTTTGGAA	80
1733	2190861	CTTCTCCGAA	80
1734	2194273	CTTTTCGAAA	90
1735	2194515	CTTTCCAGAA	80
1736	2194826	CTTTTCCAAA	80
1737	2195332	CTTGTCGTAA	80
1738	2200110	CTTTTCGGGT	80
1739	2200735	CATTTCGGAT	80
1740	2200987	CTTTCCTGAA	80
1741	2202915	CTCTTCGTAA	80
1742	2206525	CATTTCTGAA	80
1743	2208469	CTTTTGGTAA	80
1744	2214364	CTCTTCAGAA	80
1745	2216632	CTTTTGGTAA	80
1746	2217175	CTTTTCTAAA	80
1747	2217444	CATTTCGGCA	80
1748	2218800	CATTTTGGAA	80
1749	2222460	CTATTTGGAA	80
1750	2223990	CTTTCAGGAA	80
1751	2225472	GGTTTCGGAA	80
1752	2225943	CTTTTCTGTA	80
1753	2227211	CTTCTCGGAC	80
1754	2229890	CTTTTTAGAA	80
1755	2229945	CGTTTCGTAA	80
1756	2235657	CTTTTCACAA	80
1757	2236627	CTGTTCCGAA	80
1758	2237232	CTTTTTGGAG	80
1759	2241116	CTTGGCGGAA	80
1760	2241396	CTATTCTGAA	80
1761	2241484	GTTTTCAGAA	80
1762	2242165	ATTTTCGGGA	80
1763	2245039	CTTTTATGAA	80
1764	2248120	ATTTTGGGAA	80
1765	2258062	CTTTACGAAA	80
1766	2260864	GTTTACGGAA	80
1767	2261462	ATTTTCCGAA	80
1768	2265172	TTTTTCGGAT	80
1769	2266544	CCATTCGGAA	80
1770	2267881	CTTTTTGCAA	80
1771	2269622	CTTTTCCTAA	80
1772	2270690	CTTGTAGGAA	80
1773	2272566	CATTTCGTAA	80
1774	2272759	TTTTTCGCAA	80
1775	2278122	CTTTTTGGAT	80
1776	2278299	CTATACGGAA	80
1777	2278439	ACTTTCGGAA	80
1778	2278947	CATTTCGGAT	80
1779	2279497	TTTTTCGGTA	80
1780	2282699	CCCTTCGGAA	80
1781	2283482	TTTTTCTGAA	80
1782	2284275	CTTTGCAGAA	80
1783	2284364	CTTTTCCGTA	80
1784	2288651	CTTTTCGCAG	80
1785	2289330	ATTCTCGGAA	80
1786	2291185	CTTTTCGTAC	80
1787	2292995	CTTTGTGGAA	80
1788	2293665	CTTTTCCGAA	90
1789	2294341	CTTTTCTGGA	80
1790	2294501	CCATTCGGAA	80
1791	2294762	ATTATCGGAA	80
1792	2295107	CATTTCTGAA	80
1793	2295934	CCTTTCGTAA	80
1794	2296222	CTTTTCTGAA	90
1795	2297708	CTTTTAAGAA	80
1796	2297952	CATTTCTGAA	80
1797	2299042	CTGTCCGGAA	80
1798	2301163	CTTTTCGGTT	80
1799	2302074	CAGTTCGGAA	80
1800	2302636	GTTTTCGGAT	80
1801	2303926	CGTTTCGGCA	80
1802	2307774	CGTTTCGCAA	80
1803	2308530	CTTTACGGAT	80
1804	2308887	CTTTGCGAAA	80
1805	2310042	CTTTTCGAAC	80
1806	2311203	CCTTTTGGAA	80
1807	2311669	CATTTCGGTA	80
1808	2312256	CTTGTCGGGA	80
1809	2312755	ATTTTCGTAA	80
1810	2313305	CTTCTCGGGA	80
1811	2314733	CTTTCCGGAT	80
1812	2315881	CTTGTCGGAA	90
1813	2315896	CTTGTCGGCA	80
1814	2316147	CTTTTTCGAA	80
1815	2316148	TTTTTCGAAA	80
1816	2317139	CTTTTCTGAC	80
1817	2319347	CTTTTCCGAC	80
1818	2321242	CTTTCGGGAA	80
1819	2321282	ATTTCCGGAA	80
1820	2323127	CCTGTCGGAA	80
1821	2326060	CTTTTTGGAA	90
1822	2327278	CTATTCGGGA	80
1823	2327372	CTTTTTGGCA	80
1824	2329309	TTTTTCGGGA	80
1825	2330873	CTTTTCGACA	80
1826	2332111	TTTTTCAGAA	80
1827	2333434	CTTTTCCGAA	90
1828	2333525	CTTTTCCCAA	80
1829	2335171	CTTTTCTGAC	80
1830	2336159	CGTTGCGGAA	80
1831	2336682	CTTTTCGAAA	90
1832	2338127	CTTTTTTGAA	80
1833	2340004	CTTTTTGTAA	80
1834	2341236	TTTTTTGGAA	80
1835	2343678	CTACTCGGAA	80
1836	2344303	CATTTCGGTA	80
1837	2344396	CTTTGCGGGA	80
1838	2345240	ATTTTTGGAA	80
1839	2346925	CTTTTCCTAA	80
1840	2347063	CTTTTACGAA	80
1841	2347339	CTGTTTGGAA	80
1842	2347860	CATTTGGGAA	80
1843	2349160	CTTTTCCGAC	80
1844	2349716	CATTTCGGAT	80
1845	2351100	CTTTCGGGAA	80
1846	2354356	CTTTCCTGAA	80
1847	2355874	CTTTTCTTAA	80
1848	2356260	CTTTCAGGAA	80
1849	2357581	CTTTTCTGAA	90
1850	2358119	CTTTTCAGCA	80
1851	2358756	CTTTACGCAA	80
1852	2359603	CTTTACGGAC	80
1853	2359891	CTTTTCCGAT	80
1854	2360870	CTTGTCGGCA	80
1855	2361244	CTCTTCGAAA	80
1856	2362852	CTGTCCGGAA	80
1857	2365692	CTTTACGGCA	80
1858	2365828	CTCTTTGGAA	80
1859	2365902	TTTTTCGGAA	90
1860	2366879	CTTTTCGAGA	80
1861	2367311	CTTTCCGGAT	80
1862	2367332	GTTTCCGGAA	80
1863	2367732	CTGTACGGAA	80
1864	2367961	TTTTTCGAAA	80
1865	2368501	CTGTTTGGAA	80
1866	2368885	CGTTTCGCAA	80
1867	2369740	GTTTTCCGAA	80
1868	2370623	GTTTTCGCAA	80
1869	2372203	CTTTTTGGAG	80
1870	2372680	CCTTTCGAAA	80
1871	2373442	GTTTCCGGAA	80
1872	2374287	TCTTTCGGAA	80
1873	2375493	CTTTTCGGGA	90
1874	2375790	CATTTCAGAA	80
1875	2377504	CTTTTGGGTA	80
1876	2378182	CTTTTCTGAT	80
1877	2383058	CTCTTCGCAA	80
1878	2384651	TTTTTCGGAA	90
1879	2385252	CTTTTCGGAG	90
1880	2386704	CTTTTAGGAT	80
1881	2389390	CTTTTCCGAG	80
1882	2389798	CTTTTCTGAC	80
1883	2391592	CTTTTATGAA	80
1884	2391954	CGTTTCGGGA	80
1885	2392699	CTTGTCGCAA	80
1886	2392788	CTTTTCTGAC	80
1887	2393282	CTTTTCAAAA	80
1888	2398449	CTGTTCGGAA	90
1889	2400246	CTTTACGCAA	80
1890	2402160	CATTTCGTAA	80
1891	2402648	CGTTTCCGAA	80
1892	2403162	CTTTACTGAA	80
1893	2403240	CTCTTCGGGA	80
1894	2404238	CTTTTTAGAA	80
1895	2405044	CTTTTTAGAA	80
1896	2405217	CTTTTCTGAA	90
1897	2406233	CTTGTCGGAA	90
1898	2407765	TTTTTCGGCA	80
1899	2408021	CTAATCGGAA	80
1900	2409099	CTTTTCCAAA	80
1901	2411025	CTTTTGAGAA	80
1902	2411278	ATTGTCGGAA	80
1903	2411491	CTTTATGGAA	80
1904	2411595	CTTAACGGAA	80
1905	2412288	CTCTTCTGAA	80
1906	2412376	CATTTCGGAG	80
1907	2412962	ATTTTTGGAA	80
1908	2413421	ATTTTCGGCA	80
1909	2414362	CTTTTCAGGA	80
1910	2414995	GTTTACGGAA	80
1911	2415422	TTTGTCGGAA	80
1912	2415841	CTTTTCTAAA	80
1913	2416578	TTTTTCGGAG	80
1914	2417168	CTTTTCCAAA	80
1915	2420916	GTTGTCGGAA	80
1916	2424513	CTTTTTTGAA	80
1917	2424835	TTTTTCGGCA	80
1918	2426109	CTTTTTGAAA	80
1919	2426268	ATTTTCGGTA	80
1920	2428850	CTTCTCCGAA	80
1921	2429041	TTTTTCGCAA	80
1922	2429173	CTTTTCAGGA	80
1923	2429191	TTTTTCGCAA	80
1924	2429732	TTTTTCTGAA	80
1925	2437190	CTTTCCGGCA	80
1926	2437407	ATTTCCGGAA	80
1927	2439431	CTTTTCCGTA	80
1928	2441400	CTTTTGGCAA	80
1929	2443808	GTTTTCGAAA	80
1930	2445206	TTTTTCAGAA	80
1931	2447888	CGTTTCGCAA	80
1932	2448968	CTTTGCCGAA	80
1933	2450725	CCTTTCAGAA	80
1934	2453068	ATTTTCGGAG	80
1935	2454310	CTATTCGGAG	80
1936	2455667	ATTTTCAGAA	80
1937	2456451	TTTTTTGGAA	80
1938	2456497	CTTTTTGGCA	80
1939	2456859	CTTTTCGCAT	80
1940	2457056	CTTCTCGGTA	80
1941	2457495	CTGTTCCGAA	80
1942	2457654	CTTTTCCGCA	80
1943	2462498	CCTTTTGGAA	80
1944	2462499	CTTTTGGAAA	80
1945	2462770	CTTTTCGGAT	90
1946	2462831	CCTTTTGGAA	80
1947	2462957	CTTTTCTGAA	90
1948	2463798	TTTTTCTGAA	80
1949	2465312	CTTTTTGGCA	80
1950	2465415	CTTTTCGCGA	80
1951	2466368	CTTTTTCGAA	80
1952	2466775	ATTTTCGGCA	80
1953	2466964	ATTTTCGGAT	80
1954	2466993	CTTTGCGGCA	80
1955	2467243	CTATACGGAA	80
1956	2468476	CTTTTAAGAA	80
1957	2469057	CTTTCAGGAA	80
1958	2471108	TTTTTCGTAA	80
1959	2471405	ATTTGCGGAA	80
1960	2472829	CTTTTTGAAA	80
1961	2474880	CTTTTCGCAA	90
1962	2475275	CTCTTCCGAA	80
1963	2479522	TTCTTCGGAA	80
1964	2479659	ATTTACGGAA	80
1965	2481187	CTTTTCTGAC	80
1966	2482352	CTTTTCTGAT	80
1967	2483525	CTTTTCGGTC	80
1968	2485452	CTTATCGCAA	80
1969	2487178	CTTTTGGGAC	80
1970	2487867	ATTTGCGGAA	80
1971	2487895	CGTTTCGGTA	80
1972	2489698	CTTTTCAGAA	90
1973	2489947	GTTTCCGGAA	80
1974	2490232	GTTATCGGAA	80
1975	2490696	CTTTTGCGAA	80
1976	2490927	CTTTGCGGAG	80
1977	2492130	CCTTTCTGAA	80
1978	2493380	TTTTTCGTAA	80
1979	2495144	CTTTGCGGCA	80
1980	2497223	TTTTTCTGAA	80
1981	2497757	CTTTTTGCAA	80
1982	2499504	CTTATCGTAA	80
1983	2505295	CTTCCCGGAA	80
1984	2505575	GTTTTCAGAA	80
1985	2505842	AATTTCGGAA	80
1986	2506046	TTTTTCAGAA	80
1987	2507009	GTTTTCTGAA	80
1988	2507101	CTTTTCGGCC	80
1989	2507782	TTTATCGGAA	80
1990	2508376	CTCTTCGAAA	80
1991	2509629	GTTTTCGGCA	80
1992	2510410	GTTTGCGGAA	80
1993	2514196	CTTTTCTGGA	80
1994	2514850	ATTTTCGGGA	80
1995	2515812	CTCTTCGGTA	80
1996	2517292	CGTGTCGGAA	80
1997	2519660	CATATCGGAA	80
1998	2520361	CTTTTCTGAT	80
1999	2521177	TTTTTCGGAT	80
2000	2523961	CTTTTAGGAT	80
2001	2524776	TTTTTCGTAA	80
2002	2526602	CTTTTCTGTA	80
2003	2526797	CTTCTTGGAA	80
2004	2527257	CTTTTCCGAT	80
2005	2528935	TTTTTCAGAA	80
2006	2530065	ACTTTCGGAA	80
2007	2530205	CATTTCGGCA	80
2008	2533869	TTTTTCAGAA	80
2009	2533914	CTCTTCTGAA	80
2010	2535125	CTTTGCTGAA	80
2011	2535311	CTTTCCGGCA	80
2012	2538086	CATTTGGGAA	80
2013	2538645	CTGTACGGAA	80
2014	2538714	CTTTTGGGGA	80
2015	2539837	CCTTTCGCAA	80
2016	2540212	CTTTTCGCGA	80
2017	2540321	CTTTTCCGAA	90
2018	2540663	GATTTCGGAA	80
2019	2540880	CTTTTTGGCA	80
2020	2541443	CTTAGCGGAA	80
2021	2542662	TTTTTCGGAC	80
2022	2544511	CTCTTCCGAA	80
2023	2546614	ATTTTCGGAT	80
2024	2548332	CGTTTCCGAA	80
2025	2548418	CATTTTGGAA	80
2026	2549323	CTTTTCAGCA	80
2027	2552611	CCTTTCTGAA	80
2028	2553307	GTTTTTGGAA	80
2029	2554289	CTTTTTGGAG	80
2030	2559072	CTTTTCTGAT	80
2031	2559704	GTCTTCGGAA	80
2032	2561720	CTTGTCGCAA	80
2033	2564352	TTTTTCGGCA	80
2034	2564487	TTTTTCGGAT	80
2035	2566024	CTTTTTGAAA	80
2036	2566897	CGTTTCGTAA	80
2037	2566909	TTTTTCGTAA	80
2038	2567758	GTTTTCGGTA	80
2039	2568992	CTTTTTGGAG	80
2040	2569028	CTTTTCCTAA	80
2041	2569134	CTTTTCGATA	80
2042	2570728	ATTTGCGGAA	80
2043	2571626	CTTTTCGAAG	80
2044	2573265	CTTGACGGAA	80
2045	2574495	CTTTTTAGAA	80
2046	2575158	TTTTCCGGAA	80
2047	2575206	CTTCTCGGGA	80
2048	2575378	CTTCTCGGCA	80
2049	2575674	CTTTTCGGCT	80
2050	2576032	TTTTTCGAAA	80
2051	2577219	CTTTCCTGAA	80
2052	2577686	CTTTTTGGAA	90
2053	2577710	TTTTTCGCAA	80
2054	2578043	TTTTTCGGAC	80
2055	2578460	GATTTCGGAA	80
2056	2578479	GTTTTTGGAA	80
2057	2579889	CTTTCCGGCA	80
2058	2580010	CTTTTCTGAT	80
2059	2580066	CTCTTCGGAA	90
2060	2580791	CTTTTTTGAA	80
2061	2584019	CTTTTTGGCA	80
2062	2590645	CTTTTCGTAA	90
2063	2593405	ATTTTTGGAA	80
2064	2595256	CTTGTCGGAG	80
2065	2595403	CTTTTCTGGA	80
2066	2596193	CGTTTCAGAA	80
2067	2597992	CTTTTAGGAA	90
2068	2599345	CTTTTCTCAA	80
2069	2599751	CTTTTCAGCA	80
2070	2602202	CTTTTCGGAA	100
2071	2602606	CTTTTATGAA	80
2072	2604220	CTTTTCGAAA	90
2073	2604306	CTTTTCTGAT	80
2074	2604356	TTTTTCGGAT	80
2075	2604564	CTTTTTTGAA	80
2076	2605216	CTTTTCGTGA	80
2077	2605505	CTTTTCTGCA	80
2078	2606860	CGTTTCGGAC	80
2079	2607333	TTTTTCGGGA	80
2080	2612420	CTTATCGGAT	80
2081	2612661	TCTTTCGGAA	80
2082	2614524	ATTTTCGCAA	80
2083	2614635	CCTTTCGGCA	80
2084	2615655	ATTTTCGCAA	80
2085	2618272	CGATTCGGAA	80
2086	2619099	CTTTTCCGCA	80
2087	2619138	CTTTTCGAAC	80
2088	2621477	CTTTTCTGAC	80
2089	2621757	CTTTTAGGAT	80
2090	2622690	CTTCTCGGTA	80
2091	2623216	CCTTTCGGAA	90
2092	2623534	CCTTTCGGAA	90
2093	2623564	TTTATCGGAA	80
2094	2623829	TTTTTCGCAA	80
2095	2624383	CTTTTCAGAA	90
2096	2625369	CTTTTCCAAA	80
2097	2625513	CTTTACCGAA	80
2098	2626069	CTTTTCGGTC	80
2099	2627299	CTTTTTTGAA	80
2100	2628791	CTTTTCCGAT	80
2101	2629378	CTTTTCGTCA	80
2102	2629543	TTTTTCGAAA	80
2103	2629971	CTGTACGGAA	80
2104	2630870	CTTTACAGAA	80
2105	2630917	TTTTTCGGAC	80
2106	2630935	ATTTTCAGAA	80
2107	2633273	CTTTTCAGCA	80
2108	2633773	CTTGTCCGAA	80
2109	2635354	CATTTCCGAA	80
2110	2637070	CTTTTCCGTA	80
2111	2637245	CTGTTCGCAA	80
2112	2637823	ATATTCGGAA	80
2113	2638084	CCTTTCGGAA	90
2114	2639605	ATTTTGGGAA	80
2115	2640772	TTTTTCGGGA	80
2116	2641390	CGTTTCTGAA	80
2117	2641774	TGTTTCGGAA	80
2118	2641829	CTTGTCGGAA	90
2119	2642098	GTTTTAGGAA	80
2120	2642396	CTATCCGGAA	80
2121	2642686	TTTTTCGGCA	80
2122	2643988	CATTTCGGCA	80
2123	2644344	CTTTAAGGAA	80
2124	2644469	CTCTTCGCAA	80
2125	2645484	CTTTTCTTAA	80
2126	2645697	CTTTTCATAA	80
2127	2649897	TTTTTCAGAA	80
2128	2651842	CTTCTCGGTA	80
2129	2653569	CTTTTCAGTA	80
2130	2653844	CTTTTCCGCA	80
2131	2654190	CTTATAGGAA	80
2132	2655375	CTCTTTGGAA	80
2133	2656297	CATTGCGGAA	80
2134	2658172	CTTTTTCGAA	80
2135	2660381	TTTTTCGGAT	80
2136	2660624	CTTATCAGAA	80
2137	2662287	CCTTTCGGAG	80
2138	2663629	CTTTTCGAAA	90
2139	2664673	GTTTTCGGAC	80
2140	2666861	CTTTAAGGAA	80
2141	2666998	CATTTCAGAA	80
2142	2668560	CTTTCCGTAA	80
2143	2668824	CTTTTCGATA	80
2144	2673942	CTTTCCGTAA	80
2145	2674512	CTTTTCAGAC	80
2146	2674794	CTTTACGGAC	80
2147	2674863	CTTTTCAGAC	80
2148	2675284	CTTTTCAGAG	80
2149	2675303	CTTTCCCGAA	80
2150	2675701	CGTTTTGGAA	80
2151	2675714	ATTTTCGGAT	80
2152	2677167	ATTTACGGAA	80
2153	2679094	TTTTTCGTAA	80
2154	2679815	CTTTTCGAGA	80
2155	2681946	CCTTTCTGAA	80
2156	2683108	TTTTTCGGTA	80
2157	2684194	TTGTTCGGAA	80
2158	2684877	CTTTCAGGAA	80
2159	2685328	CTTTCCGCAA	80
2160	2687747	ACTTTCGGAA	80
2161	2688450	CTTATCGGTA	80
2162	2689053	CTTTTCATAA	80
2163	2689912	CTTATCAGAA	80
2164	2690725	CTTTTGTGAA	80
2165	2690896	CTATTCGCAA	80
2166	2691457	CTTTTCAAAA	80
2167	2692051	CATTTCAGAA	80
2168	2692418	CTTTGCAGAA	80
2169	2692490	CTTTCCTGAA	80
2170	2694471	CTTTCCCGAA	80
2171	2695511	TTTTTCGGAA	90
2172	2695670	CTGTTCGTAA	80
2173	2696327	CGTTTCGGCA	80
2174	2696945	CATTTCAGAA	80
2175	2700418	CTTTCAGGAA	80
2176	2701347	CTTTTTGTAA	80
2177	2702661	CGTTTCGGCA	80
2178	2703744	CATTTCGGTA	80
2179	2704134	CGATTCGGAA	80
2180	2704251	ATTTTCTGAA	80
2181	2704311	CTCTTCCGAA	80
2182	2705617	CTGTTCGGAG	80
2183	2706602	CTATTCAGAA	80
2184	2706840	CTTTTCGCAG	80
2185	2707830	CTTTTCTGAC	80
2186	2707944	TTTTTCAGAA	80
2187	2710722	CATTCCGGAA	80
2188	2711982	CATTTCGGAT	80
2189	2712480	CTTGTCGCAA	80
2190	2712909	CTTTTCGAAG	80
2191	2713649	CTTTACGTAA	80
2192	2713853	TTTTTCGAAA	80
2193	2715962	CTTTTAGTAA	80
2194	2717076	CTTTTATGAA	80
2195	2717183	CGTTTCGGGA	80
2196	2717243	ATTTTCGGAT	80
2197	2717783	CTATTCGGGA	80
2198	2719593	CTTCTCGGAA	90
2199	2719873	CTTTTTGGAT	80
2200	2720713	CTTTTTGCAA	80
2201	2723031	CTTTGCGGCA	80
2202	2724958	CTTTACTGAA	80
2203	2727171	TTGTTCGGAA	80
2204	2727536	ATGTTCGGAA	80
2205	2730452	CTTATCAGAA	80
2206	2732234	ATTTTCGCAA	80
2207	2734481	CTTTTGAGAA	80
2208	2738011	TTTTTCGTAA	80
2209	2739531	CTTTTTGGCA	80
2210	2739968	CATTTCAGAA	80
2211	2741966	CGTTTTGGAA	80
2212	2746850	CATTTCGGAA	90
2213	2746997	CATTGCGGAA	80
2214	2748513	TTATTCGGAA	80
2215	2749142	CTATTGGGAA	80
2216	2749200	CTTTTCTGAT	80
2217	2750179	CTTCTCGGCA	80
2218	2750309	CTTCTCGGGA	80
2219	2751302	CATTTAGGAA	80
2220	2752468	CTTATTGGAA	80
2221	2752507	CTTTTCTTAA	80
2222	2752759	CATTTCGGGA	80
2223	2754311	CTGTTCGCAA	80
2224	2757786	GTTTTCGCAA	80
2225	2758858	CTGTTCGGAC	80
2226	2764446	CTTTTTGAAA	80
2227	2764522	CTTTTTGGAT	80
2228	2765539	ATTTCCGGAA	80
2229	2765662	CTTTTTGGAC	80
2230	2765737	CTTTGCTGAA	80
2231	2767014	CTTTTCGGAG	90
2232	2767335	CTTTTCGTGA	80
2233	2768104	CTTTCTGGAA	80
2234	2768337	CGTTTCGGAG	80
2235	2768397	CTTTTAGCAA	80
2236	2771520	ATTTTCGGGA	80
2237	2773809	CTTTTCAGTA	80
2238	2774604	CATTTCGCAA	80
2239	2776427	CCTTTTGGAA	80
2240	2777587	CTTTCCGTAA	80
2241	2777677	GTTTACGGAA	80
2242	2778562	TTTTTCCGAA	80
2243	2779209	CTATTCCGAA	80
2244	2779482	CTTTTCTGGA	80
2245	2780096	TCTTTCGGAA	80
2246	2780247	GTTTTCGAAA	80
2247	2780827	CTTTTCCGAA	90
2248	2781437	CTTTCAGGAA	80
2249	2781958	CATTTCTGAA	80
2250	2782201	CTTTGTGGAA	80
2251	2782235	CTTGTCGCAA	80
2252	2782859	CTTTGGGGAA	80
2253	2784479	CTTTTAGAAA	80
2254	2786492	CTTTTAAGAA	80
2255	2788230	CTTGTCAGAA	80
2256	2789325	TTTTTTGGAA	80
2257	2789349	CTTCTCAGAA	80
2258	2789424	CTTTCCTGAA	80
2259	2789457	CGTTTCAGAA	80
2260	2789932	CGTTCCGGAA	80
2261	2790307	CTTCTCGGAC	80
2262	2791324	CTTTTTAGAA	80
2263	2791824	GTTCTCGGAA	80
2264	2791846	CTTCTCGCAA	80
2265	2793033	CTTTTTTGAA	80
2266	2793276	CTTTGCGGTA	80
2267	2793365	ATTTTTGGAA	80
2268	2794067	TTTTTCGTAA	80
2269	2795845	CCTTGCGGAA	80
2270	2798613	CGTTTCGGCA	80
2271	2800080	TTTGTCGGAA	80
2272	2801864	CGTTTCGGCA	80
2273	2802299	ATTTTCAGAA	80
2274	2803491	CTTTTCTGAT	80
2275	2804005	CTTTTCGATA	80
2276	2804887	CCTTCCGGAA	80
2277	2805355	ATTTTCGTAA	80
2278	2805927	GATTTCGGAA	80
2279	2805947	CTGTTCTGAA	80
2280	2806369	CTTTTTGCAA	80
2281	2806662	TTTTTCGTAA	80
2282	2808049	CTTTTCCAAA	80
2283	2808416	CTTTTTGAAA	80
2284	2808470	CTTTCCGTAA	80
2285	2809680	TTTGTCGGAA	80
2286	2809999	CTTTTTTGAA	80
2287	2812529	CTTTTCGAAA	90
2288	2813069	CTTTTCAAAA	80
2289	2813795	CTTTTCTGAC	80
2290	2814365	CTTTTCCGAT	80
2291	2814578	CTTTACCGAA	80
2292	2814843	GTTTTCGGGA	80
2293	2815034	CTTTTCGAAA	90
2294	2815141	CTTCTCGGAC	80
2295	2815504	CTTTTCTGGA	80
2296	2817787	CCTCTCGGAA	80
2297	2822443	TTCTTCGGAA	80
2298	2823119	CTTTTCCGTA	80
2299	2823176	CTTTGCGGAC	80
2300	2823729	CTTTTCAGCA	80
2301	2825941	CTTTCCGCAA	80
2302	2827775	ATTTTTGGAA	80
2303	2830092	CCTTACGGAA	80
2304	2830293	TTTATCGGAA	80
2305	2831525	CTTTTCGGTT	80
2306	2832734	CTTTTCGCAT	80
2307	2832777	CTTCTCTGAA	80
2308	2840277	TTTTCCGGAA	80
2309	2840519	ATTTGCGGAA	80
2310	2843791	CTTTTTTGAA	80
2311	2843954	GTTTTCTGAA	80
2312	2845252	ATATTCGGAA	80
2313	2845670	CTTTTCTGAC	80
2314	2849886	TTTTTTGGAA	80
2315	2853522	GTTTTCTGAA	80
2316	2853856	CCTTTCGGCA	80
2317	2854953	ATTTTCGCAA	80
2318	2856015	CTTATCGGCA	80
2319	2856393	CTGTTTGGAA	80
2320	2857528	CTTTTCAGAA	90
2321	2859990	CTTCTGGGAA	80
2322	2860138	TTTTCCGGAA	80
2323	2861027	GTTTTCGGCA	80
2324	2864068	CTCCTCGGAA	80
2325	2864998	CTTTTTGAAA	80
2326	2865322	CTTTTTCGAA	80
2327	2868125	TTTTTCGAAA	80
2328	2869660	CTTTTCCAAA	80
2329	2870241	GCTTTCGGAA	80
2330	2870414	CTTTGCGGAC	80
2331	2872451	TTTTTCGGAA	90
2332	2872552	CTCTTCGGTA	80
2333	2872692	CTTTTTGGAA	90
2334	2873368	CTTTTCCTAA	80
2335	2873640	TTTTTCGCAA	80
2336	2874873	CTTTTTGGAC	80
2337	2876542	CATTTCTGAA	80
2338	2879555	CTCTTCGGGA	80
2339	2879936	CGTTTCTGAA	80
2340	2880021	CCTTTCGGGA	80
2341	2880393	ATTTCCGGAA	80
2342	2880548	CTTTCCGGAA	90
2343	2881131	CTTTACGGCA	80
2344	2881682	CTTTTTGCAA	80
2345	2881946	CTTGACGGAA	80
2346	2882079	CTTTTTGGAT	80
2347	2882540	CCGTTCGGAA	80
2348	2883048	CTTCTTGGAA	80
2349	2883164	ATTTTCGGAA	90
2350	2884481	ATTTTCCGAA	80
2351	2884714	TTTTCCGGAA	80
2352	2885715	CTTTTTGAAA	80
2353	2886693	ATTTTCAGAA	80
2354	2886821	CTTTTGCGAA	80
2355	2887451	CTTTACGGAA	90
2356	2890729	CGTTTCGCAA	80
2357	2892038	CTTTTCAGTA	80
2358	2893117	ATGTTCGGAA	80
2359	2893845	CTTTTGCGAA	80
2360	2895724	CTTTTTGGAA	90
2361	2896443	TCTTTCGGAA	80
2362	2896823	CTTATCGTAA	80
2363	2899548	CGATTCGGAA	80
2364	2900465	CGTTTCGCAA	80
2365	2902347	TTTTTCCGAA	80
2366	2902732	CCATTCGGAA	80
2367	2902804	CTTTTAGGAA	90
2368	2904146	CTTTTTGTAA	80
2369	2904544	CTTTTTTGAA	80
2370	2904908	CTTTTCGTTA	80
2371	2908885	ATTTTCCGAA	80
2372	2909890	CTTTTGGCAA	80
2373	2911957	CTGTCCGGAA	80
2374	2912355	CTCTTCGGAA	90
2375	2913950	ATTTGCGGAA	80
2376	2915848	TTTTTCTGAA	80
2377	2916288	CATTTCGCAA	80
2378	2917295	CTTGTTGGAA	80
2379	2917438	CTTTTCCGGA	80
2380	2918713	GTTTTCGGCA	80
2381	2918726	CCTTTCTGAA	80
2382	2919150	CTCTTCAGAA	80
2383	2919847	TTTTTCGGAA	90
2384	2920482	ATTTTCGCAA	80
2385	2921015	TTTTTCAGAA	80
2386	2921037	CTTTTCTTAA	80
2387	2921419	CTTTTCAAAA	80
2388	2921658	CTTTTCTGAT	80
2389	2923209	CTTTTCCGAG	80
2390	2924272	GTTGTCGGAA	80
2391	2924930	CTTTTCGGAA	100
2392	2928827	GTTTGCGGAA	80
2393	2929763	TTTTTCGCAA	80
2394	2930027	TCTTTCGGAA	80
2395	2932619	TTTTGCGGAA	80
2396	2937335	CTTTTACGAA	80
2397	2939393	CCTTTCGGAT	80
2398	2939676	CTTTTCTAAA	80
2399	2939893	CTTTTGGAAA	80
2400	2941859	CGTTTTGGAA	80
2401	2942373	CGTTGCGGAA	80
2402	2944734	TTTTTCAGAA	80
2403	2945094	CATTTCGGCA	80
2404	2945196	CTGTTCGTAA	80
2405	2945407	ATATTCGGAA	80
2406	2945760	CTTTTCCGAA	90
2407	2945821	GTTTTCGGCA	80
2408	2947235	GTTTTTGGAA	80
2409	2948443	CTTTTCGGCT	80
2410	2950128	ATTTTCGGTA	80
2411	2950557	CTTCTCGGAA	90
2412	2951411	CTTTTAGAAA	80
2413	2951441	CTTTTCGTAT	80
2414	2952406	GTTTACGGAA	80
2415	2956793	TTTTTCGGAA	90
2416	2957395	CTTTTTGGAC	80
2417	2957559	CTTGGCGGAA	80
2418	2958177	CTTGTCTGAA	80
2419	2959736	CTTTTCCGAT	80
2420	2960504	CTTTTTTGAA	80
2421	2960768	CTTTTCGAAC	80
2422	2960821	ATTTTCGGCA	80
2423	2961130	CCTTTCGCAA	80
2424	2962819	CCTTTCGTAA	80
2425	2963660	CTTTTCAGGA	80
2426	2963765	CTTTTCATAA	80
2427	2964063	GTTTTTGGAA	80
2428	2964759	CTTTTCTTAA	80
2429	2966177	ATTTTCGGCA	80
2430	2966975	TTTTTCAGAA	80
2431	2967994	CTTTTCTAAA	80
2432	2969278	CTTTTGGGAC	80
2433	2972347	CTTTGCGCAA	80
2434	2972384	ATTTTCGAAA	80
2435	2972696	GTTTTCGCAA	80
2436	2973927	CTGATCGGAA	80
2437	2974462	CTTTTCGGCC	80
2438	2974767	TCTTTCGGAA	80
2439	2975558	TTGTTCGGAA	80
2440	2977178	CTTATCAGAA	80
2441	2977505	CTTTTGGGAA	90
2442	2977975	CTTGTCAGAA	80
2443	2979059	TCTTTCGGAA	80
2444	2979246	CTTTAGGGAA	80
2445	2979739	CTTCTCCGAA	80
2446	2983188	TTTTTCAGAA	80
2447	2985005	CTTTTGGTAA	80
2448	2985316	CTTTCTGGAA	80
2449	2986027	CTTTTCAGTA	80
2450	2987469	CTTTTCTGAC	80
2451	2988294	CTTTTCTGTA	80
2452	2988619	CATATCGGAA	80
2453	2989486	CCTTCCGGAA	80
2454	2989578	CTTTTGTGAA	80
2455	2989634	CTTTACCGAA	80
2456	2989880	ATTTTTGGAA	80
2457	2991817	GTTTTCGGAA	90
2458	2994145	CCTTTCCGAA	80
2459	2996211	GTTTTCGGAC	80
2460	2996356	GTATTCGGAA	80
2461	2999194	CTTTGCGGGA	80
2462	3002858	TTTTTCAGAA	80
2463	3006106	ATATTCGGAA	80
2464	3006609	CTCTTTGGAA	80
2465	3007267	ATATTCGGAA	80
2466	3008099	ATATTCGGAA	80
2467	3008289	CGTTCCGGAA	80
2468	3010298	CTTTTCCAAA	80
2469	3011987	CTTCTCTGAA	80
2470	3012929	CTTTTTGCAA	80
2471	3013176	TTTGTCGGAA	80
2472	3013357	CTTTTAAGAA	80
2473	3014522	CTTTTCTGAT	80
2474	3016236	CATTTCGAAA	80
2475	3016370	CTTCTCCGAA	80
2476	3017130	TTTTTCAGAA	80
2477	3018576	CTTTTCGGCC	80
2478	3019840	GTTTTCGGCA	80
2479	3020493	CTTGTCGGCA	80
2480	3022003	ATTTTGGGAA	80
2481	3022321	CTTTTCCGGA	80
2482	3022451	CTTTTCCGAG	80
2483	3023347	TTTTTAGGAA	80
2484	3023750	GTTTTCGGCA	80
2485	3024107	CTTTCCGGAT	80
2486	3024340	CTTTTGGAAA	80
2487	3024631	CTTTTCAGAA	90
2488	3024967	CATTTCGGAG	80
2489	3025312	CTTTCCGTAA	80
2490	3027299	CTTTACGGCA	80
2491	3028465	CTTCTCGGCA	80
2492	3028534	GTTTTCGGCA	80
2493	3029443	CTTTTCAGTA	80
2494	3030356	CTTTTCAAAA	80
2495	3030458	CTTGTCGTAA	80
2496	3032402	GTTTTTGGAA	80
2497	3032440	CTGTCCGGAA	80
2498	3033404	CCTTTCGGCA	80
2499	3037166	TTTTTCCGAA	80
2500	3038298	GTTTTCGGAA	90
2501	3039757	TTTTTCGAAA	80
2502	3039946	CTTTGCTGAA	80
2503	3043664	CTTTTCGGTG	80
2504	3043927	CTTGGCGGAA	80
2505	3044678	CTGTTCGTAA	80
2506	3047791	CTTTTCTGAT	80
2507	3048336	CTTTCCGGCA	80
2508	3048841	ATTTTCGGCA	80
2509	3050102	CTTTTCCGAG	80
2510	3050115	CTTTTCTGCA	80
2511	3050563	ATTTTCGGAT	80
2512	3051169	CTTTTCAGCA	80
2513	3051267	CTCTTCTGAA	80
2514	3052162	TTTTTCGGCA	80
2515	3052852	CTTGACGGAA	80
2516	3053371	TTTTTCGGAC	80
2517	3053383	CTTTTCGCCA	80
2518	3055235	CTTTTATGAA	80
2519	3055407	CTGTTCGAAA	80
2520	3055713	GTATTCGGAA	80
2521	3056497	CTTTTAGGAG	80
2522	3057482	CTTTTGGAAA	80
2523	3057602	CTGTTCGGCA	80
2524	3058346	CTGTGCGGAA	80
2525	3059945	CTTTTTGGAC	80
2526	3065436	CTCTTCGGGA	80
2527	3067120	CTTGTAGGAA	80
2528	3068821	CTTTCCGCAA	80
2529	3069070	ATTGTCGGAA	80
2530	3069484	TTTATCGGAA	80
2531	3069790	GTTTTCGGCA	80
2532	3072020	CTTTTCTGAC	80
2533	3073068	GTTTTTGGAA	80
2534	3073414	CTTTTCTGGA	80
2535	3075591	GTTTTCTGAA	80
2536	3076210	CTTTTCCAAA	80
2537	3077463	CTGTTCGGCA	80
2538	3077973	CTGTTCGGAA	90
2539	3078196	CTTTGCAGAA	80
2540	3079378	CTTTTCGGCA	90
2541	3080498	CGTTTCGGAT	80
2542	3083578	CGTTTCGGAG	80
2543	3085003	CTATGCGGAA	80
2544	3085063	CTTTTACGAA	80
2545	3086290	GTTTTCGGGA	80
2546	3087007	ATTTGCGGAA	80
2547	3087721	TTTTTCAGAA	80
2548	3088225	ATTTTTGGAA	80
2549	3089422	CTTCTCGTAA	80
2550	3090486	CTTTTCGCAC	80
2551	3092764	CGTTTCGCAA	80
2552	3097038	CCATTCGGAA	80
2553	3097111	CTTTCAGGAA	80
2554	3097126	CTTTCGGGAA	80
2555	3100724	TTTTTCGGAG	80
2556	3102601	CTTTTGGCAA	80
2557	3102672	ATTTTCCGAA	80
2558	3104148	GTTTTCGCAA	80
2559	3105363	CTTATCGCAA	80
2560	3106378	ATTTTAGGAA	80
2561	3106564	TTTGTCGGAA	80
2562	3106693	CTAGTCGGAA	80
2563	3108088	CTTGCCGGAA	80
2564	3110381	CTTTTCCGAC	80
2565	3110541	CTTTTTCGAA	80
2566	3112054	CTTTTTCGAA	80
2567	3112450	CTTTTTGAAA	80
2568	3112591	CTTTTTGGAT	80
2569	3114039	CATTCCGGAA	80
2570	3114584	CTTTTTTGAA	80
2571	3115435	CGTTTCTGAA	80
2572	3116308	ATTATCGGAA	80
2573	3118091	CTTTTCGGAA	100
2574	3118493	GTTTCCGGAA	80
2575	3118594	CTTATCGTAA	80
2576	3124810	CTTTTTGAAA	80
2577	3125678	TTTTTCTGAA	80
2578	3126690	ATCTTCGGAA	80
2579	3128132	TTTTTCGCAA	80
2580	3128526	CTTTACGGAC	80
2581	3128819	GTTTTCGGAA	90
2582	3129353	CTTATCGTAA	80
2583	3130655	CTTGCCGGAA	80
2584	3131242	CTTTTCGCCA	80
2585	3135020	CTGATCGGAA	80
2586	3135186	CTTTTCCGAG	80
2587	3135516	TTCTTCGGAA	80
2588	3136141	TTTTTCAGAA	80
2589	3137506	CTTTTAGCAA	80
2590	3138015	CTTTTCCGAT	80
2591	3138719	CGTTTCGCAA	80
2592	3139406	CTTTTTGGAA	90
2593	3139458	CTTTTTGGCA	80
2594	3139488	ATTTTCGCAA	80
2595	3140306	CTTTTTGGCA	80
2596	3141094	CTTTTAGCAA	80
2597	3141464	CTATGCGGAA	80
2598	3142978	CTTCTCGGCA	80
2599	3144625	CTTTTCGCAT	80
2600	3145465	TTTTTCCGAA	80
2601	3145499	CTTTGCTGAA	80
2602	3145606	TTTTTCGGAA	90
2603	3147006	CTTTTTGGCA	80
2604	3148653	CCTTTCCGAA	80
2605	3149992	CTGTTCGCAA	80
2606	3150809	CTTCTCAGAA	80
2607	3151055	CTTTTCAAAA	80
2608	3152891	CTTTCCGGAG	80
2609	3153684	CCTTTCGGAA	90
2610	3155212	CTTTCCGAAA	80
2611	3155477	TCTTTCGGAA	80
2612	3157089	GTTATCGGAA	80
2613	3157808	CTTTTCGGAC	90
2614	3158296	GTTTTCTGAA	80
2615	3159120	CTTTTCTGAC	80
2616	3160734	CTTTTTGGTA	80
2617	3160863	CTTTTCCGAG	80
2618	3161611	AATTTCGGAA	80
2619	3163081	CTTTACCGAA	80
2620	3164801	CGATTCGGAA	80
2621	3164974	CTTTTCCCAA	80
2622	3165949	CTTCCCGGAA	80
2623	3166800	CTTTTCGGCT	80
2624	3167601	CTTTTCTTAA	80
2625	3167668	CTTATCCGAA	80
2626	3168681	TTTTTCGGAG	80
2627	3169106	CTTTGCCGAA	80
2628	3170276	CTTTCCGGGA	80
2629	3171713	CTTTCCTGAA	80
2630	3171752	ATTTTCTGAA	80
2631	3174090	CCTTGCGGAA	80
2632	3174620	CTTTTAGGAG	80
2633	3175362	CTTATGGGAA	80
2634	3176798	CCATTCGGAA	80
2635	3178257	CATTGCGGAA	80
2636	3179729	TTTTTCGGCA	80
2637	3181214	CTCTGCGGAA	80
2638	3185972	CCTTTTGGAA	80
2639	3186347	ATTTTCAGAA	80
2640	3186517	TTTTTCGGCA	80
2641	3186841	CTTTACGGAA	90
2642	3190240	CTTTTCCGCA	80
2643	3190328	TTTATCGGAA	80
2644	3191298	ATTTTCGAAA	80
2645	3193269	GTTTTCTGAA	80
2646	3194312	CTTTGAGGAA	80
2647	3196130	CTTTTAGCAA	80
2648	3196397	CTTTTAAGAA	80
2649	3198688	CTTTCCCGAA	80
2650	3201034	CTCTTCGAAA	80
2651	3202498	CTTTTCCGTA	80
2652	3202645	CTTTTCGGGA	90
2653	3205348	TTTTTTGGAA	80
2654	3205458	CTTTTCCGAT	80
2655	3205664	CCTTTCGGAA	90
2656	3206424	CATTTCAGAA	80
2657	3208889	TTTTACGGAA	80
2658	3209671	CTTTTCCGAT	80
2659	3210180	GTTATCGGAA	80
2660	3211321	CTGTTCGGAA	90
2661	3211833	CTTTTCCGAC	80
2662	3213237	CTTTTAGGAA	90
2663	3213308	CTTTTCCGCA	80
2664	3213678	CTTTCCGGAA	90
2665	3214553	TTTTTCCGAA	80
2666	3215671	CTTTTCCGAG	80
2667	3216934	CTTTACCGAA	80
2668	3219924	CGGTTCGGAA	80
2669	3220877	CTTTTTCGAA	80
2670	3221768	CTTTTGGCAA	80
2671	3222239	GTTTTTGGAA	80
2672	3223295	CTTTTCTTAA	80
2673	3223319	CTTTTCCAAA	80
2674	3224197	CATTTCTGAA	80
2675	3224264	TTTTTCGTAA	80
2676	3224984	CTTTCCCGAA	80
2677	3225005	CTTGTCGGAA	90
2678	3225432	CTTTTACGAA	80
2679	3225934	CTGTTCTGAA	80
2680	3227253	CTTTTCGCCA	80
2681	3227995	ATTTTCGGGA	80
2682	3228543	CTTTTCGCCA	80
2683	3228605	CGTTTCGTAA	80
2684	3231875	CTTTTCGAGA	80
2685	3231980	CTCTTCGGCA	80
2686	3232248	CGTTTCGTAA	80
2687	3233063	CTTTTGGGAG	80
2688	3233546	TTATTCGGAA	80
2689	3233657	TTTTTAGGAA	80
2690	3233855	CTTCTCGTAA	80
2691	3240123	CCTTTGGGAA	80
2692	3240643	CTTTACTGAA	80
2693	3241232	CTTTTCGGGC	80
2694	3242725	CTTTGTGGAA	80
2695	3243177	CATTTGGGAA	80
2696	3244106	CTTTTCGGAT	90
2697	3244389	GTATTCGGAA	80
2698	3244434	TTTTTCGGAT	80
2699	3245271	CTTGTCGGAT	80
2700	3247256	CTTTTACGAA	80
2701	3249511	ATTATCGGAA	80
2702	3251141	CTCTTCGGAT	80
2703	3251226	CTGTTCTGAA	80
2704	3251937	TTTATCGGAA	80
2705	3254642	TTTTTCGGAG	80
2706	3257981	CTTATCGGAA	90
2707	3258744	CTTTTCGGGT	80
2708	3259058	CTTTCCGTAA	80
2709	3262242	CTTTTCTGAT	80
2710	3265519	ATTTCCGGAA	80
2711	3266066	CTTTTCTAAA	80
2712	3266229	CTTTTGGGAT	80
2713	3268955	CTTTTCAGCA	80
2714	3269456	CTTTTGGGCA	80
2715	3270117	CTTTTGAGAA	80
2716	3270489	CTTTTAGGAC	80
2717	3271266	CGTTTCCGAA	80
2718	3272477	CTTTGCTGAA	80
2719	3272537	GTTTCCGGAA	80
2720	3273278	CTTGACGGAA	80
2721	3273424	CTTTTCAGCA	80
2722	3276515	TTTTTCGGCA	80
2723	3276691	CCTTTCAGAA	80
2724	3276719	CATTTCTGAA	80
2725	3277908	CTTTTCTGAG	80
2726	3278572	ATTTTCGCAA	80
2727	3280732	CTTATAGGAA	80
2728	3281135	GTTTTCGGAA	90
2729	3282611	CCTTTTGGAA	80
2730	3282755	ATTTTCGGCA	80
2731	3283126	CTTTTCAGAT	80
2732	3283920	CTTTCCAGAA	80
2733	3285060	CAATTCGGAA	80
2734	3286258	CTTTTCGAAC	80
2735	3286288	CTTCTCGGAT	80
2736	3288665	CTTCTCGGAA	90
2737	3290331	CTTTGCGGAC	80
2738	3290763	CTTTGCGGAA	90
2739	3291788	CATTTCGTAA	80
2740	3292165	CTTTTCAGGA	80
2741	3293004	CTTTCCGGCA	80
2742	3293691	CTTTTCCAAA	80
2743	3294154	TTTTTCCGAA	80
2744	3294645	CTTATCGGAA	90
2745	3296368	GATTTCGGAA	80
2746	3297855	CTTTTTTGAA	80
2747	3298398	CGTTTCGTAA	80
2748	3298467	CTTCTCGGAC	80
2749	3298494	TTTTTCGGAG	80
2750	3301003	CTTTACGGTA	80
2751	3302567	CTTTTTGAAA	80
2752	3302725	CTTTTGGGAC	80
2753	3302823	CTTTGCTGAA	80
2754	3305631	CTGTTCTGAA	80
2755	3306305	CCTTCCGGAA	80
2756	3308163	CTTTTCTGAA	90
2757	3308842	CTCTTCGGAT	80
2758	3312893	TCTTTCGGAA	80
2759	3313542	CTTTTCCGTA	80
2760	3313912	CCTTTCGGAA	90
2761	3314197	ATTTTCGGAA	90
2762	3316480	CTTTTCTGAT	80
2763	3316562	CGTTTCGAAA	80
2764	3317016	CTTTTCGGTG	80
2765	3318105	CTTTTCGTTA	80
2766	3318880	CGTTTCGGGA	80
2767	3320613	TTTGTCGGAA	80
2768	3322509	CTGCTCGGAA	80
2769	3323535	GTTTTGGGAA	80
2770	3323958	TTGTTCGGAA	80
2771	3324869	CTTTTCCGAA	90
2772	3325912	CTTTTCTAAA	80
2773	3327467	TTTTTCTGAA	80
2774	3329718	CTTTACAGAA	80
2775	3329880	CTTTTTAGAA	80
2776	3330586	CTTGTCGGCA	80
2777	3330838	TTTTTCGGCA	80
2778	3331386	CTTTGCGCAA	80
2779	3335641	CTTTTTGTAA	80
2780	3337515	ATATTCGGAA	80
2781	3339437	CTTTTCAGGA	80
2782	3340262	CTTTTGGAAA	80
2783	3340838	CTTTTCGATA	80
2784	3341297	CTTTTCTGCA	80
2785	3346558	CTACTCGGAA	80
2786	3350547	CTTTTGGAAA	80
2787	3352183	ATTTTCTGAA	80
2788	3353232	CTTTTTGAAA	80
2789	3355664	CTTTTGTGAA	80
2790	3356075	CTTTTAGGAT	80
2791	3358394	CTTTTGTGAA	80
2792	3358566	CTTCTGGGAA	80
2793	3358776	TCTTTCGGAA	80
2794	3359044	CTTTACCGAA	80
2795	3359153	GTTTTCGGAA	90
2796	3359484	TTTTTCGGAA	90
2797	3359918	CTTTTCGGAA	100
2798	3361261	CCTTTCAGAA	80
2799	3361284	TTTTTCGGAA	90
2800	3361713	CTTTTAGGAA	90
2801	3362045	CTTTTTTGAA	80
2802	3364054	CTTTTCTTAA	80
2803	3365206	CTTTTGCGAA	80
2804	3366553	CTTTTCAAAA	80
2805	3366881	CTTTGCGGCA	80
2806	3367089	TTTTTCTGAA	80
2807	3367381	CTTTTCCGTA	80
2808	3367525	CTTTTTCGAA	80
2809	3368706	GTTTTCGCAA	80
2810	3370899	CTTTTCGAAT	80
2811	3370962	TTTTTCGCAA	80
2812	3371652	CTTTTCGGCC	80
2813	3373448	TTTTTCCGAA	80
2814	3373588	CTTTTGCGAA	80
2815	3375049	ATTGTCGGAA	80
2816	3376113	CTTTTCGAAG	80
2817	3376640	CATTTCCGAA	80
2818	3377702	CTTTTCCGAT	80
2819	3379056	CCTTTCGAAA	80
2820	3379848	CCTTTGGGAA	80
2821	3381401	CTGTCCGGAA	80
2822	3381837	CTTGGCGGAA	80
2823	3382048	CTTTTCGGCA	90
2824	3383115	TTTTTCTGAA	80
2825	3384712	CTTTTCGCCA	80
2826	3384921	CTTTTTTGAA	80
2827	3385120	ATTTGCGGAA	80
2828	3385815	CTTTTACGAA	80
2829	3386858	CTTATCGGGA	80
2830	3387480	CATTTTGGAA	80
2831	3390299	TTTTTCAGAA	80
2832	3392790	TTTTTAGGAA	80
2833	3395412	TTTTTCGGAA	90
2834	3403521	CTTTCCGCAA	80
2835	3404683	TTTTTCGGAG	80
2836	3405869	TTTTTCTGAA	80
2837	3407676	CTTAACGGAA	80
2838	3409723	TGTTTCGGAA	80
2839	3410781	ATTTACGGAA	80
2840	3411455	CTTTTTAGAA	80
2841	3412425	CGTTACGGAA	80
2842	3412714	TTTTTCGGCA	80
2843	3413908	CTTTCCAGAA	80
2844	3414977	TTTTTCTGAA	80
2845	3415022	CTTTCCAGAA	80
2846	3415248	ATTTTCGAAA	80
2847	3416111	CCTTTAGGAA	80
2848	3418033	GTTCTCGGAA	80
2849	3418451	CTTTTAGAAA	80
2850	3419670	CTTTCTGGAA	80
2851	3421564	TTTTTCGGAA	90
2852	3422270	CTTGTCTGAA	80
2853	3423384	CATTTTGGAA	80
2854	3423763	CATTTCTGAA	80
2855	3424195	GTTTTCCGAA	80
2856	3424641	TTTTTCGGAT	80
2857	3424675	CTTTGCGGAG	80
2858	3425729	CTTATGGGAA	80
2859	3426131	ATTCTCGGAA	80
2860	3426173	TTTTTCGGAA	90
2861	3426257	ATTTTCGGAA	90
2862	3429184	CTTTCCGGAA	90
2863	3431940	CATTTCAGAA	80
2864	3432118	CATTTCGGAG	80
2865	3432790	TCTTTCGGAA	80
2866	3432992	TTTTTCGCAA	80
2867	3434699	CTTTTGGCAA	80
2868	3435480	CGATTCGGAA	80
2869	3435666	CTTGTTGGAA	80
2870	3438270	CTTTTTGCAA	80
2871	3438486	ATTTTTGGAA	80
2872	3439028	CGTTTCGCAA	80
2873	3440186	TTTCTCGGAA	80
2874	3441465	CTTTTTGCAA	80
2875	3442400	ATTTTCAGAA	80
2876	3445184	TTTTACGGAA	80
2877	3446240	CTTTTCAAAA	80
2878	3448608	CTTTCCGGTA	80
2879	3450463	CTTTTCCGAT	80
2880	3452757	CTTTTCAGCA	80
2881	3453232	CTGTGCGGAA	80
2882	3453697	TTTTTCGGAA	90
2883	3454545	CTTTTTGTAA	80
2884	3457319	CTTTCCTGAA	80
2885	3459442	CTTTACAGAA	80
2886	3460668	CTTTTCCGGA	80
2887	3460669	TTTTCCGGAA	80
2888	3460861	GTTTTCGTAA	80
2889	3464221	CTTTTTGAAA	80
2890	3464828	CTTTTTAGAA	80
2891	3465343	CTTTTCTGAT	80
2892	3465506	GTTTTGGGAA	80
2893	3468415	CTTTTCCGGA	80
2894	3468416	TTTTCCGGAA	80
2895	3468721	CTTTTCCGCA	80
2896	3468836	TTTTTCGGAT	80
2897	3470000	TTTTTCGGAC	80
2898	3471031	ATTTTCTGAA	80
2899	3474325	CTGGTCGGAA	80
2900	3476263	CTCTTCAGAA	80
2901	3477316	CTTCACGGAA	80
2902	3478667	ATTTTCGCAA	80
2903	3479000	TTTTTCGCAA	80
2904	3480700	CTTTTACGAA	80
2905	3481477	TTTTTCGGCA	80
2906	3481578	GTTTTCTGAA	80
2907	3481657	CTATTCGAAA	80
2908	3483478	CTTTTCCAAA	80
2909	3484838	CTTTCCGGGA	80
2910	3487724	TGTTTCGGAA	80
2911	3489560	CTTTTCGGCG	80
2912	3490448	CTTTCCGGAA	90
2913	3490564	CTTTTCCGGA	80
2914	3491558	GTTTTCTGAA	80
2915	3491666	CTTTTCGAAT	80
2916	3493637	CCTTTCGAAA	80
2917	3494255	GTTTTCGGCA	80
2918	3494720	CTTTTCGCCA	80
2919	3494731	ATTTTCGGCA	80
2920	3495035	CTTTTCGGCC	80
2921	3495415	CATTTCGGAT	80
2922	3495489	ATATTCGGAA	80
2923	3495641	CTTTTCCGAC	80
2924	3501007	CTTTACGGAT	80
2925	3506887	CTTTAAGGAA	80
2926	3507386	ATTTCCGGAA	80
2927	3507452	CTTTTCATAA	80
2928	3507997	CTTTTTGGAA	90
2929	3508529	CCTTTCGGTA	80
2930	3509981	CTTCTTGGAA	80
2931	3511852	CTTTTTTGAA	80
2932	3512211	CTGTTCGGCA	80
2933	3512862	CCTTTCAGAA	80
2934	3513303	CTGTTCGGCA	80
2935	3514324	CTTTTTGGAC	80
2936	3514516	CTGTTCGGAT	80
2937	3515013	TGTTTCGGAA	80
2938	3517508	TTTTTCGAAA	80
2939	3517703	CTTTAAGGAA	80
2940	3524915	CTTTTCTAAA	80
2941	3525726	CTTTTAGCAA	80
2942	3525810	CTTCACGGAA	80
2943	3526041	CTTTGCAGAA	80
2944	3526555	ATTTTTGGAA	80
2945	3529611	CTTTTCATAA	80
2946	3530393	CTTTTACGAA	80
2947	3532407	TTTTTCAGAA	80
2948	3532542	CATTTCGGGA	80
2949	3533000	GTTTTCGAAA	80
2950	3533408	CTTGTCTGAA	80
2951	3533453	CTTTTGGCAA	80
2952	3533700	CTTTTTGGTA	80
2953	3534170	CTTTTCGCAG	80
2954	3534823	TGTTTCGGAA	80
2955	3535615	ATTTTCTGAA	80
2956	3537552	TTTTTAGGAA	80
2957	3538121	CTTTTATGAA	80
2958	3540878	CATTTCTGAA	80
2959	3541764	ATTTTAGGAA	80
2960	3542962	CTTTGCGGAA	90
2961	3543044	CTTTTCCGAA	90
2962	3544509	TTTTTCGGAG	80
2963	3544758	ATTTTCGGGA	80
2964	3548739	TTTTTCGAAA	80
2965	3549017	CTTTTCGTAC	80
2966	3549333	CTTTTCGTCA	80
2967	3551255	CTTTTCCGAA	90
2968	3554683	ATTTCCGGAA	80
2969	3555276	TTTTTCCGAA	80
2970	3555629	CTTTTTCGAA	80
2971	3556625	CTTTTCAGTA	80
2972	3558688	ATTTTCGAAA	80
2973	3561687	TTTTTCGGAA	90
2974	3562079	CTTTTTCGAA	80
2975	3562986	CTTTTCGGAA	100
2976	3564031	CTTTTCAGAG	80
2977	3564370	TTTTTCTGAA	80
2978	3564941	CTTTTCGGCT	80
2979	3567655	CTTTTTGGGA	80
2980	3567656	TTTTTGGGAA	80
2981	3568579	CTTTTTTGAA	80
2982	3569248	ATTTTCTGAA	80
2983	3569264	CTTTTAGAAA	80
2984	3570248	ATTTTCTGAA	80
2985	3571555	CTTTTTGAAA	80
2986	3574455	CGTTTAGGAA	80
2987	3577416	CATTTCCGAA	80
2988	3583136	CTTCACGGAA	80
2989	3584376	CTTTTCCGAT	80
2990	3584785	ATTTTCAGAA	80
2991	3585079	ATTTTCGTAA	80
2992	3585597	CTTTTCAGAA	90
2993	3586455	TTTGTCGGAA	80
2994	3587879	GTATTCGGAA	80
2995	3588349	CTTTGCTGAA	80
2996	3589662	TTTTTCGGAC	80
2997	3589702	CTTTTTTGAA	80
2998	3591576	CTTTTCCGGA	80
2999	3591577	TTTTCCGGAA	80
3000	3593066	CTTTGCGGCA	80
3001	3594669	CTTTTCACAA	80
3002	3595833	CTTTTCAAAA	80
3003	3596930	CTTCTCGGCA	80
3004	3597156	CTGTTCGTAA	80
3005	3599508	CTTTCCGGCA	80
3006	3599523	CTTTTCGGCG	80
3007	3600294	CCTTTCCGAA	80
3008	3601318	CTTTTGGGTA	80
3009	3601578	CGTTTCGGAA	90
3010	3605208	CTTATCGAAA	80
3011	3606363	TTTATCGGAA	80
3012	3608887	ATTTACGGAA	80
3013	3609570	GTTTTCAGAA	80
3014	3610527	ATTTTCGGGA	80
3015	3611003	CTTTCCTGAA	80
3016	3611585	CTTCTCAGAA	80
3017	3611857	CATATCGGAA	80
3018	3612454	CTTTTCGGCC	80
3019	3614680	TTGTTCGGAA	80
3020	3615985	ATTTCCGGAA	80
3021	3615996	ATTTTCGGAT	80
3022	3617066	CTTTTCAAAA	80
3023	3618555	CATTTTGGAA	80
3024	3618598	CATATCGGAA	80
3025	3619369	TTTTTCGGAC	80
3026	3619669	TTTTTCAGAA	80
3027	3620143	TATTTCGGAA	80
3028	3620635	CTTTTCGAGA	80
3029	3621136	CCTTGCGGAA	80
3030	3622108	CTTTTTAGAA	80
3031	3622526	CTTTGCTGAA	80
3032	3625227	AGTTTCGGAA	80
3033	3626681	CTTGTCAGAA	80
3034	3626867	TTATTCGGAA	80
3035	3628696	CTTTTTCGAA	80
3036	3628720	CTTTGCCGAA	80
3037	3628798	CTTTGCCGAA	80
3038	3631650	CTTTTGTGAA	80
3039	3634818	ATTTTTGGAA	80
3040	3636531	ATTTTCTGAA	80
3041	3636719	CTTTTCGGGT	80
3042	3637809	CTTATCTGAA	80
3043	3639152	CCATTCGGAA	80
3044	3639767	ATTTTCTGAA	80
3045	3639821	CTTTTCGGCA	90
3046	3640313	TTTTTCGCAA	80
3047	3641023	CATTTCGGAC	80
3048	3642327	CTTTCCGTAA	80
3049	3643457	CTCATCGGAA	80
3050	3643570	CCTTTCGAAA	80
3051	3644463	TCTTTCGGAA	80
3052	3647096	CTTATGGGAA	80
3053	3647301	TTTTTCTGAA	80
3054	3651964	TTTTTCGGAG	80
3055	3652002	GGTTTCGGAA	80
3056	3654768	CTTTAAGGAA	80
3057	3657621	TTTTTCGGTA	80
3058	3658605	CTTCTCGGCA	80
3059	3658815	CTTTTCAGAT	80
3060	3659555	CTTTTCGCTA	80
3061	3660352	CTTATCAGAA	80
3062	3663614	ATTATCGGAA	80
3063	3664270	CTTTTCGATA	80
3064	3667443	CTTTTCGTAT	80
3065	3668632	CCTTTGGGAA	80
3066	3671031	ATGTTCGGAA	80
3067	3671337	ATTTTCAGAA	80
3068	3672218	CTTTTCTGAT	80
3069	3674195	TTTTGCGGAA	80
3070	3674331	TTTTGCGGAA	80
3071	3675120	CATTTCGAAA	80
3072	3676020	TTTTTGGGAA	80
3073	3676189	CTTTTCAGAT	80
3074	3677009	GGTTTCGGAA	80
3075	3677809	ATTTTCGGAA	90
3076	3678051	TTTTTCGAAA	80
3077	3678287	CTTTTCAAAA	80
3078	3679157	CTTTTTGAAA	80
3079	3679245	TTTTTCGAAA	80
3080	3680431	CCTTTCGGCA	80
3081	3680755	CTTTTCAGGA	80
3082	3681308	CTTTTAGAAA	80
3083	3686814	CCTTTTGGAA	80
3084	3694470	CTCTTAGGAA	80
3085	3696596	CGCTTCGGAA	80
3086	3697629	CTTTTTTGAA	80
3087	3700630	CTTTTCGACA	80
3088	3700785	ATTTTTGGAA	80
3089	3701687	ATTTTCGGCA	80
3090	3702296	CTTTTGGGTA	80
3091	3702977	CATTTCCGAA	80
3092	3708878	GTGTTCGGAA	80
3093	3709424	TATTTCGGAA	80
3094	3709662	TCTTTCGGAA	80
3095	3711410	CTCTTTGGAA	80
3096	3711546	CATTTCGGAA	90
3097	3711771	CTTCTCGTAA	80
3098	3712261	CTTATCGAAA	80
3099	3712430	CTTTTGGGAT	80
3100	3712626	TTTTTCGTAA	80
3101	3716685	CTTTTCGCCA	80
3102	3718461	CTCATCGGAA	80
3103	3718737	CTTTTATGAA	80
3104	3720804	CTTTTCGCAA	90
3105	3720835	CATTTCGAAA	80
3106	3721428	CTTATCGGGA	80
3107	3722802	CTTTTCAGTA	80
3108	3725260	CTTTTCAGAA	90
3109	3727916	CTTGTCGAAA	80
3110	3730452	CTTTTCGTTA	80
3111	3731783	TTTTTCGCAA	80
3112	3732277	GTTTTCGCAA	80
3113	3733608	ATTTTCAGAA	80
3114	3733761	TTTTTAGGAA	80
3115	3735590	TTTTACGGAA	80
3116	3735668	CTTCTCGGCA	80
3117	3736803	CTTATCAGAA	80
3118	3738567	CTTTGCGGGA	80
3119	3739449	ATGTTCGGAA	80
3120	3740309	CTTGTCTGAA	80
3121	3740346	CTTTTTGGCA	80
3122	3742831	CTTTTCGATA	80
3123	3743098	TTTTGCGGAA	80
3124	3743573	CTTTCCGAAA	80
3125	3744535	CTTTTTGAAA	80
3126	3746778	CTCATCGGAA	80
3127	3747193	CTTTTCGTGA	80
3128	3747230	TTTTTCAGAA	80
3129	3747267	CGTTTAGGAA	80
3130	3748599	CTTTTGGAAA	80
3131	3748882	CTTTTGGGAA	90
3132	3749700	CGTTTCGGGA	80
3133	3749755	CTTTTCTGTA	80
3134	3750203	CCTTTCGGAT	80
3135	3750878	CTTTTCGATA	80
3136	3751883	AGTTTCGGAA	80
3137	3752517	TGTTTCGGAA	80
3138	3754736	CTTTCGGGAA	80
3139	3755592	ATTTCCGGAA	80
3140	3756955	CTGTTCGGAT	80
3141	3758883	CTTTTCAGAA	90
3142	3758939	CTTTTCGAGA	80
3143	3759819	TTTCTCGGAA	80
3144	3759926	CTTTACGGAT	80
3145	3760290	GTTTTCAGAA	80
3146	3760584	CTTTTCTGAA	90
3147	3760819	GTTTTCGGGA	80
3148	3761630	CTTTTGAGAA	80
3149	3762089	CTCTTCTGAA	80
3150	3765086	CATTTCGAAA	80
3151	3765606	CTTTTTGGTA	80
3152	3765740	TCTTTCGGAA	80
3153	3766296	CATTTCGGAT	80
3154	3766971	CTTTTCCGTA	80
3155	3767826	CTTTTCCTAA	80
3156	3769157	ATTTGCGGAA	80
3157	3773947	CTTTTTGAAA	80
3158	3774422	TTTTTCAGAA	80
3159	3776057	CTTTTCCGGA	80
3160	3776058	TTTTCCGGAA	80
3161	3776188	CTTTTCGCCA	80
3162	3777487	CATTTCGGAG	80
3163	3777634	CTTTTCTGAT	80
3164	3783954	GTTTTCGCAA	80
3165	3785016	CTTGTCAGAA	80
3166	3788106	CTGTTCGAAA	80
3167	3788407	CTTTTGGGGA	80
3168	3794340	CTTTTCGCAC	80
3169	3794980	TTTGTCGGAA	80
3170	3795725	ATTTTCGGCA	80
3171	3797590	GTTTCCGGAA	80
3172	3798067	TTTTTCGGAT	80
3173	3798702	CTTTGCCGAA	80
3174	3799601	CTTTTAGTAA	80
3175	3801047	GTTTTTGGAA	80
3176	3801386	CTTTAGGGAA	80
3177	3802583	CTTTCCGCAA	80
3178	3803248	CTTTTTTGAA	80
3179	3803791	CGTTTCGGAC	80
3180	3803845	CTTGGCGGAA	80
3181	3805043	CTTTTCTGCA	80
3182	3805349	CTTTGCGGAA	90
3183	3806681	CTGTCCGGAA	80
3184	3808419	ATTTTCTGAA	80
3185	3809497	CTTTTCGACA	80
3186	3810293	CTTTCCAGAA	80
3187	3810634	CTTGCCGGAA	80
3188	3813566	ATTTTCCGAA	80
3189	3816092	CTTTTCGATA	80
3190	3817635	ATTATCGGAA	80
3191	3818984	CATTCCGGAA	80
3192	3820848	CATTTCCGAA	80
3193	3821830	CTTTTTGGTA	80
3194	3822657	CTTTTCGTAT	80
3195	3823062	CTTTTCAGCA	80
3196	3824891	CTGCTCGGAA	80
3197	3826497	CCTTTAGGAA	80
3198	3829212	CTTTCCGGAA	90
3199	3831322	CTTTTCGGAG	90
3200	3835909	CCTTTAGGAA	80
3201	3835927	TTTTTCCGAA	80
3202	3837208	GATTTCGGAA	80
3203	3837805	CTGTTCGGGA	80
3204	3838026	CTGTGCGGAA	80
3205	3838220	TTTTTCGAAA	80
3206	3838996	ATTTTCGGAG	80
3207	3840272	GTCTTCGGAA	80
3208	3840763	CGTTTTGGAA	80
3209	3841378	CTTTATGGAA	80
3210	3842520	CTTTTCAGAA	90
3211	3842825	CTGTTCAGAA	80
3212	3844389	CTTTTAGAAA	80
3213	3845783	CTTTTCAGAC	80
3214	3845871	CTTTTTGAAA	80
3215	3852256	TTTTTCAGAA	80
3216	3854039	TGTTTCGGAA	80
3217	3854498	CTTTTCTGCA	80
3218	3855358	CCTTTCGGCA	80
3219	3856114	CCTTTCGGAT	80
3220	3861841	CTTTAAGGAA	80
3221	3862559	CCTTTCGCAA	80
3222	3863328	CTTATCTGAA	80
3223	3864128	CTTTTCCGAC	80
3224	3864337	CTTTTCAGCA	80
3225	3865060	CTGTTCAGAA	80
3226	3865148	CTTTTGTGAA	80
3227	3867707	TTTTTCAGAA	80
3228	3867907	ATTGTCGGAA	80
3229	3868489	GTATTCGGAA	80
3230	3868554	CTTTTCACAA	80
3231	3869010	CTTTTCAAAA	80
3232	3869052	CATTTCGTAA	80
3233	3870397	CCTTTTGGAA	80
3234	3871012	CTTTTCCGAA	90
3235	3871199	CTTTTTGGCA	80
3236	3871793	CATTTCGGCA	80
3237	3872722	CTTTTCGTAC	80
3238	3872947	TTTTTCTGAA	80
3239	3873589	CTTTTCCAAA	80
3240	3877332	CTTTTCCGTA	80
3241	3878472	CTCTTCCGAA	80
3242	3880692	CTTTACGCAA	80
3243	3883131	CTTTTGGGAT	80
3244	3883908	GTTTTCGGAT	80
3245	3884417	CTTTTCGGTC	80
3246	3885256	CTTTCCGTAA	80
3247	3885684	TTTTTCGTAA	80
3248	3887611	CTTTTGGTAA	80
3249	3889250	CTTTTTGTAA	80
3250	3890281	CTTATCGGCA	80
3251	3891575	CTTTTCGTAT	80
3252	3891929	CTTTTTGGCA	80
3253	3892762	CTTTTCAGGA	80
3254	3893134	CTTCTTGGAA	80
3255	3894415	CTTTTCGTTA	80
3256	3897418	GTTTTAGGAA	80
3257	3897952	CTTATGGGAA	80
3258	3898997	CTTTTCTAAA	80
3259	3899366	CCATTCGGAA	80
3260	3902072	CTTTTCCAAA	80
3261	3902455	CTTTATGGAA	80
3262	3903186	CCTTCCGGAA	80
3263	3903876	GTTTTCGGTA	80
3264	3904709	GTTTTCGCAA	80
3265	3904830	CTGTTCCGAA	80
3266	3905512	CTTTCCGGCA	80
3267	3907335	CTTTTTGGCA	80
3268	3910504	TTTTTCCGAA	80
3269	3911419	TTTGTCGGAA	80
3270	3915319	TTATTCGGAA	80
3271	3917009	TTATTCGGAA	80
3272	3918155	CCTTTCGGAT	80
3273	3919331	GTTTTCGGAT	80
3274	3921522	CTTTTGGGTA	80
3275	3922320	CTTTTCAAAA	80
3276	3924505	CGCTTCGGAA	80
3277	3924812	GTTTTCGAAA	80
3278	3925155	CTTTTAGCAA	80
3279	3926787	CTTTGCTGAA	80
3280	3926878	GTTTTCGGAT	80
3281	3926912	CTCTTCGCAA	80
3282	3927100	ATTTTCCGAA	80
3283	3927741	CTTTCCGTAA	80
3284	3928246	ATTTTCGAAA	80
3285	3928474	ATTTTCGGAT	80
3286	3928560	CTTTTCGATA	80
3287	3929187	ATTTGCGGAA	80
3288	3929960	CTTTTCAGGA	80
3289	3932950	CGTTTCGGTA	80
3290	3935107	CATTTCAGAA	80
3291	3935450	CTTTTTGGCA	80
3292	3935614	CATTTCGAAA	80
3293	3935861	CCTTCCGGAA	80
3294	3936544	CTTCTCGTAA	80
3295	3942541	CTTTTGCGAA	80
3296	3943116	CTTTTCGGCG	80
3297	3947524	CAATTCGGAA	80
3298	3948153	CTTTCAGGAA	80
3299	3948466	CTTTTCAAAA	80
3300	3950725	ATTATCGGAA	80
3301	3953122	GTTTTCCGAA	80
3302	3955505	CTTGTCGGCA	80
3303	3957646	CTTTTCAGAC	80
3304	3957748	CTTGTCGCAA	80
3305	3959103	CTTTTAAGAA	80
3306	3960079	CTTTTCGCAG	80
3307	3962141	CTTTTCGACA	80
3308	3963120	TCTTTCGGAA	80
3309	3963214	CTTTCGGGAA	80
3310	3963367	CTTTTGGCAA	80
3311	3965332	CTTTCAGGAA	80
3312	3967265	CTTTTTGGAT	80
3313	3967831	CTTGCCGGAA	80
3314	3968791	CCTTTCGGAT	80
3315	3969300	CTCTTCGAAA	80
3316	3970679	CCTTTCAGAA	80
3317	3971231	ATTTGCGGAA	80
3318	3971824	CTTTACGGCA	80
3319	3971970	CGTTTCTGAA	80
3320	3972029	CTTGTCGGCA	80
3321	3972860	CGTTTCGGAT	80
3322	3972956	GTTTGCGGAA	80
3323	3973226	CTTTCAGGAA	80
3324	3976391	ATTTTCGGCA	80
3325	3976494	CTAATCGGAA	80
3326	3978246	CTTTTCCGTA	80
3327	3981614	CTTCTCGGAA	90
3328	3983415	CTTTTTCGAA	80
3329	3983881	TTTTTCTGAA	80
3330	3984132	CTTATCGGAT	80
3331	3984914	ATTTTCCGAA	80
3332	3985055	CCTTTCGAAA	80
3333	3985141	CTTATCGGCA	80
3334	3986126	GTTTTCGGAA	90
3335	3987253	ATTTTCGGAA	90
3336	3987799	CGTTTCGGCA	80
3337	3988158	ATTTTCTGAA	80
3338	3988916	CATTGCGGAA	80
3339	3990310	CATTTCCGAA	80
3340	3990570	GTTTCCGGAA	80
3341	3994909	CTTTTCGTCA	80
3342	3996861	CTTTTTGGCA	80
3343	3997165	CTTTTCGCCA	80
3344	3999967	CTTATCAGAA	80
3345	4000635	CTTGACGGAA	80
3346	4003735	CTTCTTGGAA	80
3347	4003749	TTTTTCGCAA	80
3348	4004264	TTTTTCGGAG	80
3349	4006478	CTTGTCGGCA	80
3350	4006964	CTTTTCGGAT	90
3351	4011963	GTTGTCGGAA	80
3352	4012147	CTTTTCCTAA	80
3353	4013472	CTCTTCGGAT	80
3354	4013526	CTTTTCTGAT	80
3355	4013599	TTTTTCTGAA	80
3356	4015780	ATTTTTGGAA	80
3357	4016255	CTTTCCGGAC	80
3358	4017623	CTTTCCGGAC	80
3359	4017960	CATTTCTGAA	80
3360	4021037	CTCTTCTGAA	80
3361	4022888	CTTTTCACAA	80
3362	4022910	CTTTTTGGCA	80
3363	4025113	CTTATCGGAG	80
3364	4025272	CTTTTCTGTA	80
3365	4029273	CTTTTCCGAT	80
3366	4029962	ATATTCGGAA	80
3367	4031105	CTTTTCCCAA	80
3368	4032254	CCTTTCGGAC	80
3369	4032713	CCTTTCGGAT	80
3370	4033469	CCATTCGGAA	80
3371	4037705	CTTTTTAGAA	80
3372	4040271	GTTTTCGGAT	80
3373	4041469	TTTTTAGGAA	80
3374	4041864	CTTTACGGAA	90
3375	4043057	ATTTTCTGAA	80
3376	4043214	CGTTTCTGAA	80
3377	4044279	CTTCTCGGAA	90
3378	4044657	CTTTCCGGAG	80
3379	4045442	CTGTTCGGGA	80
3380	4047773	CTTTTCAAAA	80
3381	4047984	ATTTGCGGAA	80
3382	4049457	TTTTTCGCAA	80
3383	4053868	CTGTTCTGAA	80
3384	4054860	CTTTCCCGAA	80
3385	4055042	CCTTTCGCAA	80
3386	4055673	CTTTTGGGCA	80
3387	4055744	CCTTTTGGAA	80
3388	4057238	CTTTTTGAAA	80
3389	4058084	TTTTTCGGAT	80
3390	4058572	CTTTTCCGCA	80
3391	4058659	TTTTCCGGAA	80
3392	4059021	CATTTCGGAT	80
3393	4059556	CTTTACGCAA	80
3394	4059638	CTGTTCGTAA	80
3395	4060760	CTGTTCGGCA	80
3396	4060842	CTTTTCCAAA	80
3397	4060886	CTTTTCTGAA	90
3398	4062007	GTTTTCGCAA	80
3399	4062629	CTTTTTGGAT	80
3400	4066989	CTTTTTGTAA	80
3401	4071680	ATTTTCGGAT	80
3402	4072639	ATTTTCGCAA	80
3403	4074736	CTTTTCGCAT	80
3404	4075018	GTTTTCTGAA	80
3405	4075610	CTTTGCTGAA	80
3406	4076039	CTTTTCTCAA	80
3407	4076224	TTTTTCGGAT	80
3408	4076774	CTTTTCCGAT	80
3409	4079364	CTGTGCGGAA	80
3410	4079624	GTATTCGGAA	80
3411	4079738	GTTTGCGGAA	80
3412	4080626	CTTGTCGCAA	80
3413	4082478	TTTGTCGGAA	80
3414	4082492	CTTTTCCGAT	80
3415	4083785	CCTTTCGGAA	90
3416	4084457	CTTTTCAGCA	80
3417	4085210	ATTATCGGAA	80
3418	4087632	CATTTCAGAA	80
3419	4088365	CTTTCCGAAA	80
3420	4090536	CTTTTCAGCA	80
3421	4091020	CTTTTTGCAA	80
3422	4091341	CTTTTCAGCA	80
3423	4093004	CTTTAAGGAA	80
3424	4093285	CTTTTCCAAA	80
3425	4093310	CTTTTGAGAA	80
3426	4095816	CATGTCGGAA	80
3427	4098834	CGTCTCGGAA	80
3428	4100411	GTTTGCGGAA	80
3429	4100950	CATTGCGGAA	80
3430	4101876	CTTTTCAGAA	90
3431	4102213	ATTTTCGGCA	80
3432	4103132	CTTAACGGAA	80
3433	4105708	CTTTTCGAAA	90
3434	4107779	CCATTCGGAA	80
3435	4108487	GTTTACGGAA	80
3436	4108562	CTGTTCGGAG	80
3437	4110712	CTTTTCCTAA	80
3438	4115436	CGTTCCGGAA	80
3439	4116122	TTTCTCGGAA	80
3440	4122316	CCTTTCGGAA	90
3441	4129538	CTCTTCGGAA	90
3442	4131842	CTATTCGGTA	80
3443	4133530	TCTTTCGGAA	80
3444	4134974	CTTTTCTGTA	80
3445	4137895	CCTTTCCGAA	80
3446	4139221	CTTGTCGGGA	80
3447	4139672	CTTTTCGTTA	80
3448	4139989	CCTCTCGGAA	80
3449	4140418	CTTATTGGAA	80
3450	4143471	CCGTTCGGAA	80
3451	4144352	CTCTTTGGAA	80
3452	4145033	CTCTTCAGAA	80
3453	4145228	TTTTTCGTAA	80
3454	4150030	CTTTTGGTAA	80
3455	4152067	TTTTTCGGAA	90
3456	4153021	CCTTTCGCAA	80
3457	4153236	CTTCGCGGAA	80
3458	4153264	CTTTTCGGGT	80
3459	4153429	CTTTTCGTGA	80
3460	4154331	CTTTTCTTAA	80
3461	4155551	TTTTCCGGAA	80
3462	4156249	CTTTTCCGCA	80
3463	4157258	CTCTTCGTAA	80
3464	4157536	CTTTTACGAA	80
3465	4158947	CGTTTCGGAC	80
3466	4160099	TTTTTCGGAA	90
3467	4160571	CTTTTCTGAC	80
3468	4160654	CTTTGCGGAT	80
3469	4161155	CTTTTTTGAA	80
3470	4163334	CTTTTTGGAG	80
3471	4165942	CTTTGCGGAA	90
3472	4167532	CCTTTCTGAA	80
3473	4168219	ATTTTCGGAC	80
3474	4169296	CTTTTCTGCA	80
3475	4170270	CCTGTCGGAA	80
3476	4170915	ATTTCCGGAA	80
3477	4171197	CTGTTCGGAG	80
3478	4172572	CATTTTGGAA	80
3479	4172767	CTTTTCTGGA	80
3480	4176077	CTTTTCCTAA	80
3481	4176698	CTGTTCGGAG	80
3482	4179530	ATTTTCGGAT	80
3483	4180338	TTTTTCGAAA	80
3484	4180359	CTTTTCGAAT	80
3485	4181545	CATTTCGGAT	80
3486	4181800	CTTTTATGAA	80
3487	4190017	CATTTTGGAA	80
3488	4193884	CCGTTCGGAA	80
3489	4195619	CTTGTCGGAT	80
3490	4196960	CTTTTTGGCA	80
3491	4200043	CTTTTTTGAA	80
3492	4200590	CTTTCCGGAA	90
3493	4202098	CATTTCCGAA	80
3494	4203182	CTTCTCGGAA	90
3495	4203343	CTTTTCCTAA	80
3496	4205962	CTTTTCCCAA	80
3497	4207881	CTTTTCAGGA	80
3498	4208117	CTTTTCTCAA	80
3499	4208280	CTTTTCCTAA	80
3500	4208416	CGTGTCGGAA	80
3501	4209257	CTTTTCTAAA	80
3502	4212171	CTGTTCAGAA	80
3503	4212537	CGTTTCGTAA	80
3504	4213146	TTTTTCGGAT	80
3505	4213510	CTTTTCCCAA	80
3506	4215058	CTTTTTGAAA	80
3507	4215551	TTTTACGGAA	80
